  -3.5764000e-01   3.8133000e-01   8.8724000e-01
  -3.5732000e-01   3.8126000e-01   8.8731000e-01
  -3.5700000e-01   3.8117000e-01   8.8737000e-01
  -3.5669000e-01   3.8108000e-01   8.8743000e-01
  -3.5638000e-01   3.8097000e-01   8.8748000e-01
  -3.5609000e-01   3.8085000e-01   8.8752000e-01
  -3.5580000e-01   3.8072000e-01   8.8756000e-01
  -3.5551000e-01   3.8058000e-01   8.8759000e-01
  -3.5524000e-01   3.8043000e-01   8.8762000e-01
  -3.5498000e-01   3.8026000e-01   8.8764000e-01
  -3.5472000e-01   3.8008000e-01   8.8766000e-01
  -3.5447000e-01   3.7988000e-01   8.8766000e-01
  -3.5424000e-01   3.7966000e-01   8.8766000e-01
  -3.5402000e-01   3.7943000e-01   8.8765000e-01
  -3.5381000e-01   3.7917000e-01   8.8764000e-01
  -3.5361000e-01   3.7889000e-01   8.8761000e-01
  -3.5344000e-01   3.7859000e-01   8.8757000e-01
  -3.5327000e-01   3.7826000e-01   8.8753000e-01
  -3.5313000e-01   3.7789000e-01   8.8748000e-01
  -3.5300000e-01   3.7751000e-01   8.8742000e-01
  -3.5289000e-01   3.7709000e-01   8.8736000e-01
  -3.5279000e-01   3.7664000e-01   8.8731000e-01
  -3.5270000e-01   3.7616000e-01   8.8726000e-01
  -3.5261000e-01   3.7565000e-01   8.8723000e-01
  -3.5253000e-01   3.7512000e-01   8.8721000e-01
  -3.5245000e-01   3.7456000e-01   8.8722000e-01
  -3.5236000e-01   3.7398000e-01   8.8726000e-01
  -3.5225000e-01   3.7338000e-01   8.8734000e-01
  -3.5214000e-01   3.7276000e-01   8.8747000e-01
  -3.5201000e-01   3.7211000e-01   8.8763000e-01
  -3.5186000e-01   3.7145000e-01   8.8785000e-01
  -3.5169000e-01   3.7077000e-01   8.8811000e-01
  -3.5151000e-01   3.7007000e-01   8.8843000e-01
  -3.5131000e-01   3.6935000e-01   8.8879000e-01
  -3.5109000e-01   3.6860000e-01   8.8920000e-01
  -3.5086000e-01   3.6783000e-01   8.8965000e-01
  -3.5063000e-01   3.6704000e-01   8.9014000e-01
  -3.5039000e-01   3.6621000e-01   8.9067000e-01
  -3.5015000e-01   3.6535000e-01   8.9123000e-01
  -3.4991000e-01   3.6446000e-01   8.9180000e-01
  -3.4968000e-01   3.6353000e-01   8.9240000e-01
  -3.4945000e-01   3.6256000e-01   8.9302000e-01
  -3.4924000e-01   3.6155000e-01   8.9364000e-01
  -3.4905000e-01   3.6050000e-01   8.9428000e-01
  -3.4887000e-01   3.5940000e-01   8.9493000e-01
  -3.4871000e-01   3.5826000e-01   8.9558000e-01
  -3.4856000e-01   3.5708000e-01   8.9624000e-01
  -3.4843000e-01   3.5586000e-01   8.9691000e-01
  -3.4831000e-01   3.5460000e-01   8.9759000e-01
  -3.4820000e-01   3.5330000e-01   8.9828000e-01
  -3.4810000e-01   3.5196000e-01   8.9898000e-01
  -3.4799000e-01   3.5059000e-01   8.9970000e-01
  -3.4788000e-01   3.4918000e-01   9.0044000e-01
  -3.4776000e-01   3.4775000e-01   9.0120000e-01
  -3.4763000e-01   3.4629000e-01   9.0198000e-01
  -3.4749000e-01   3.4480000e-01   9.0278000e-01
  -3.4733000e-01   3.4329000e-01   9.0361000e-01
  -3.4714000e-01   3.4176000e-01   9.0446000e-01
  -3.4694000e-01   3.4020000e-01   9.0534000e-01
  -3.4670000e-01   3.3862000e-01   9.0625000e-01
  -3.4645000e-01   3.3703000e-01   9.0718000e-01
  -3.4617000e-01   3.3541000e-01   9.0815000e-01
  -3.4586000e-01   3.3377000e-01   9.0913000e-01
  -3.4552000e-01   3.3211000e-01   9.1015000e-01
  -3.4516000e-01   3.3044000e-01   9.1118000e-01
  -3.4476000e-01   3.2874000e-01   9.1224000e-01
  -3.4434000e-01   3.2702000e-01   9.1332000e-01
  -3.4390000e-01   3.2527000e-01   9.1442000e-01
  -3.4342000e-01   3.2350000e-01   9.1555000e-01
  -3.4292000e-01   3.2171000e-01   9.1668000e-01
  -3.4240000e-01   3.1989000e-01   9.1784000e-01
  -3.4185000e-01   3.1804000e-01   9.1902000e-01
  -3.4127000e-01   3.1616000e-01   9.2021000e-01
  -3.4068000e-01   3.1426000e-01   9.2142000e-01
  -3.4007000e-01   3.1233000e-01   9.2266000e-01
  -3.3943000e-01   3.1037000e-01   9.2391000e-01
  -3.3878000e-01   3.0838000e-01   9.2519000e-01
  -3.3812000e-01   3.0636000e-01   9.2649000e-01
  -3.3744000e-01   3.0432000e-01   9.2782000e-01
  -3.3674000e-01   3.0225000e-01   9.2918000e-01
  -3.3604000e-01   3.0015000e-01   9.3057000e-01
  -3.3533000e-01   2.9803000e-01   9.3200000e-01
  -3.3460000e-01   2.9589000e-01   9.3347000e-01
  -3.3387000e-01   2.9372000e-01   9.3498000e-01
  -3.3312000e-01   2.9153000e-01   9.3654000e-01
  -3.3237000e-01   2.8931000e-01   9.3814000e-01
  -3.3160000e-01   2.8707000e-01   9.3979000e-01
  -3.3083000e-01   2.8481000e-01   9.4148000e-01
  -3.3004000e-01   2.8253000e-01   9.4321000e-01
  -3.2924000e-01   2.8022000e-01   9.4498000e-01
  -3.2843000e-01   2.7789000e-01   9.4678000e-01
  -3.2760000e-01   2.7554000e-01   9.4862000e-01
  -3.2675000e-01   2.7316000e-01   9.5049000e-01
  -3.2590000e-01   2.7075000e-01   9.5238000e-01
  -3.2502000e-01   2.6832000e-01   9.5430000e-01
  -3.2412000e-01   2.6587000e-01   9.5624000e-01
  -3.2320000e-01   2.6339000e-01   9.5820000e-01
  -3.2225000e-01   2.6089000e-01   9.6018000e-01
  -3.2128000e-01   2.5837000e-01   9.6218000e-01
  -3.2027000e-01   2.5582000e-01   9.6419000e-01
  -3.1923000e-01   2.5326000e-01   9.6622000e-01
  -3.1814000e-01   2.5069000e-01   9.6827000e-01
  -3.1702000e-01   2.4810000e-01   9.7033000e-01
  -3.1584000e-01   2.4550000e-01   9.7240000e-01
  -3.1460000e-01   2.4289000e-01   9.7448000e-01
  -3.1331000e-01   2.4027000e-01   9.7657000e-01
  -3.1195000e-01   2.3765000e-01   9.7866000e-01
  -3.1052000e-01   2.3502000e-01   9.8076000e-01
  -3.0902000e-01   2.3239000e-01   9.8286000e-01
  -3.0746000e-01   2.2976000e-01   9.8495000e-01
  -3.0583000e-01   2.2712000e-01   9.8703000e-01
  -3.0413000e-01   2.2447000e-01   9.8911000e-01
  -3.0236000e-01   2.2181000e-01   9.9116000e-01
  -3.0053000e-01   2.1915000e-01   9.9320000e-01
  -2.9865000e-01   2.1647000e-01   9.9521000e-01
  -2.9671000e-01   2.1378000e-01   9.9720000e-01
  -2.9471000e-01   2.1107000e-01   9.9915000e-01
  -2.9268000e-01   2.0833000e-01   1.0010700e+00
  -2.9060000e-01   2.0558000e-01   1.0029600e+00
  -2.8849000e-01   2.0280000e-01   1.0048000e+00
  -2.8635000e-01   2.0000000e-01   1.0066100e+00
  -2.8417000e-01   1.9717000e-01   1.0083800e+00
  -2.8196000e-01   1.9431000e-01   1.0101100e+00
  -2.7972000e-01   1.9143000e-01   1.0118100e+00
  -2.7746000e-01   1.8853000e-01   1.0134800e+00
  -2.7516000e-01   1.8560000e-01   1.0151100e+00
  -2.7284000e-01   1.8266000e-01   1.0167200e+00
  -2.7048000e-01   1.7969000e-01   1.0183100e+00
  -2.6809000e-01   1.7672000e-01   1.0198700e+00
  -2.6567000e-01   1.7372000e-01   1.0214200e+00
  -2.6321000e-01   1.7072000e-01   1.0229600e+00
  -2.6072000e-01   1.6771000e-01   1.0244800e+00
  -2.5820000e-01   1.6468000e-01   1.0260000e+00
  -2.5564000e-01   1.6165000e-01   1.0275100e+00
  -2.5306000e-01   1.5861000e-01   1.0290100e+00
  -2.5044000e-01   1.5556000e-01   1.0305100e+00
  -2.4780000e-01   1.5250000e-01   1.0320000e+00
  -2.4514000e-01   1.4943000e-01   1.0335000e+00
  -2.4246000e-01   1.4635000e-01   1.0349900e+00
  -2.3976000e-01   1.4326000e-01   1.0364800e+00
  -2.3704000e-01   1.4015000e-01   1.0379700e+00
  -2.3431000e-01   1.3704000e-01   1.0394600e+00
  -2.3156000e-01   1.3391000e-01   1.0409500e+00
  -2.2880000e-01   1.3077000e-01   1.0424500e+00
  -2.2602000e-01   1.2763000e-01   1.0439400e+00
  -2.2323000e-01   1.2447000e-01   1.0454400e+00
  -2.2044000e-01   1.2131000e-01   1.0469400e+00
  -2.1763000e-01   1.1814000e-01   1.0484400e+00
  -2.1481000e-01   1.1496000e-01   1.0499500e+00
  -2.1199000e-01   1.1177000e-01   1.0514700e+00
  -2.0916000e-01   1.0858000e-01   1.0530000e+00
  -2.0633000e-01   1.0538000e-01   1.0545300e+00
  -2.0349000e-01   1.0218000e-01   1.0560700e+00
  -2.0065000e-01   9.8980000e-02   1.0576200e+00
  -1.9781000e-01   9.5770000e-02   1.0591700e+00
  -1.9496000e-01   9.2560000e-02   1.0607300e+00
  -1.9211000e-01   8.9340000e-02   1.0623000e+00
  -1.8925000e-01   8.6130000e-02   1.0638700e+00
  -1.8639000e-01   8.2910000e-02   1.0654400e+00
  -1.8353000e-01   7.9700000e-02   1.0670200e+00
  -1.8065000e-01   7.6500000e-02   1.0686000e+00
  -1.7777000e-01   7.3290000e-02   1.0701900e+00
  -1.7489000e-01   7.0090000e-02   1.0717800e+00
  -1.7199000e-01   6.6900000e-02   1.0733700e+00
  -1.6909000e-01   6.3720000e-02   1.0749700e+00
  -1.6618000e-01   6.0550000e-02   1.0765800e+00
  -1.6326000e-01   5.7380000e-02   1.0781900e+00
  -1.6033000e-01   5.4230000e-02   1.0798000e+00
  -1.5739000e-01   5.1080000e-02   1.0814200e+00
  -1.5445000e-01   4.7940000e-02   1.0830400e+00
  -1.5149000e-01   4.4820000e-02   1.0846600e+00
  -1.4852000e-01   4.1700000e-02   1.0862900e+00
  -1.4554000e-01   3.8600000e-02   1.0879100e+00
  -1.4255000e-01   3.5500000e-02   1.0895300e+00
  -1.3954000e-01   3.2410000e-02   1.0911500e+00
  -1.3653000e-01   2.9330000e-02   1.0927700e+00
  -1.3351000e-01   2.6260000e-02   1.0943800e+00
  -1.3048000e-01   2.3200000e-02   1.0959800e+00
  -1.2744000e-01   2.0140000e-02   1.0975700e+00
  -1.2440000e-01   1.7090000e-02   1.0991500e+00
  -1.2135000e-01   1.4050000e-02   1.1007300e+00
  -1.1830000e-01   1.1020000e-02   1.1022800e+00
  -1.1525000e-01   7.9900000e-03   1.1038200e+00
  -1.1219000e-01   4.9700000e-03   1.1053500e+00
  -1.0914000e-01   1.9600000e-03   1.1068500e+00
  -1.0608000e-01  -1.0400000e-03   1.1083400e+00
  -1.0301000e-01  -4.0200000e-03   1.1098000e+00
  -9.9950000e-02  -6.9900000e-03   1.1112400e+00
  -9.6870000e-02  -9.9500000e-03   1.1126500e+00
  -9.3790000e-02  -1.2890000e-02   1.1140400e+00
  -9.0700000e-02  -1.5810000e-02   1.1154000e+00
  -8.7590000e-02  -1.8700000e-02   1.1167400e+00
  -8.4470000e-02  -2.1570000e-02   1.1180500e+00
  -8.1330000e-02  -2.4420000e-02   1.1193400e+00
  -7.8170000e-02  -2.7230000e-02   1.1206000e+00
  -7.5000000e-02  -3.0010000e-02   1.1218300e+00
  -7.1800000e-02  -3.2760000e-02   1.1230400e+00
  -6.8580000e-02  -3.5470000e-02   1.1242300e+00
  -6.5340000e-02  -3.8140000e-02   1.1253900e+00
  -6.2070000e-02  -4.0770000e-02   1.1265200e+00
  -5.8790000e-02  -4.3350000e-02   1.1276300e+00
  -5.5480000e-02  -4.5900000e-02   1.1287200e+00
  -5.2150000e-02  -4.8400000e-02   1.1297800e+00
  -4.8790000e-02  -5.0860000e-02   1.1308200e+00
  -4.5420000e-02  -5.3280000e-02   1.1318300e+00
  -4.2030000e-02  -5.5650000e-02   1.1328100e+00
  -3.8630000e-02  -5.7990000e-02   1.1337700e+00
  -3.5210000e-02  -6.0300000e-02   1.1346900e+00
  -3.1770000e-02  -6.2560000e-02   1.1355800e+00
  -2.8330000e-02  -6.4790000e-02   1.1364400e+00
  -2.4880000e-02  -6.6990000e-02   1.1372600e+00
  -2.1410000e-02  -6.9150000e-02   1.1380500e+00
  -1.7940000e-02  -7.1270000e-02   1.1388100e+00
  -1.4470000e-02  -7.3360000e-02   1.1395400e+00
  -1.0990000e-02  -7.5410000e-02   1.1402300e+00
  -7.5000000e-03  -7.7430000e-02   1.1408900e+00
  -4.0100000e-03  -7.9410000e-02   1.1415200e+00
  -5.2000000e-04  -8.1350000e-02   1.1421100e+00
   2.9800000e-03  -8.3250000e-02   1.1426800e+00
   6.4800000e-03  -8.5120000e-02   1.1432200e+00
   9.9900000e-03  -8.6960000e-02   1.1437300e+00
   1.3500000e-02  -8.8750000e-02   1.1442100e+00
   1.7020000e-02  -9.0510000e-02   1.1446600e+00
   2.0550000e-02  -9.2230000e-02   1.1450800e+00
   2.4090000e-02  -9.3920000e-02   1.1454600e+00
   2.7640000e-02  -9.5570000e-02   1.1458200e+00
   3.1200000e-02  -9.7180000e-02   1.1461500e+00
   3.4760000e-02  -9.8760000e-02   1.1464400e+00
   3.8330000e-02  -1.0031000e-01   1.1467000e+00
   4.1910000e-02  -1.0182000e-01   1.1469300e+00
   4.5490000e-02  -1.0330000e-01   1.1471200e+00
   4.9080000e-02  -1.0474000e-01   1.1472800e+00
   5.2670000e-02  -1.0616000e-01   1.1474100e+00
   5.6260000e-02  -1.0754000e-01   1.1475100e+00
   5.9850000e-02  -1.0889000e-01   1.1475700e+00
   6.3450000e-02  -1.1021000e-01   1.1475900e+00
   6.7040000e-02  -1.1150000e-01   1.1475800e+00
   7.0630000e-02  -1.1276000e-01   1.1475400e+00
   7.4220000e-02  -1.1400000e-01   1.1474600e+00
   7.7800000e-02  -1.1521000e-01   1.1473500e+00
   8.1370000e-02  -1.1640000e-01   1.1472100e+00
   8.4930000e-02  -1.1756000e-01   1.1470300e+00
   8.8470000e-02  -1.1870000e-01   1.1468200e+00
   9.1990000e-02  -1.1983000e-01   1.1465700e+00
   9.5480000e-02  -1.2095000e-01   1.1462800e+00
   9.8940000e-02  -1.2207000e-01   1.1459500e+00
   1.0235000e-01  -1.2318000e-01   1.1455800e+00
   1.0572000e-01  -1.2430000e-01   1.1451600e+00
   1.0904000e-01  -1.2543000e-01   1.1446900e+00
   1.1230000e-01  -1.2658000e-01   1.1441700e+00
   1.1551000e-01  -1.2774000e-01   1.1436000e+00
   1.1865000e-01  -1.2892000e-01   1.1429700e+00
   1.2173000e-01  -1.3013000e-01   1.1422900e+00
   1.2475000e-01  -1.3136000e-01   1.1415500e+00
   1.2770000e-01  -1.3261000e-01   1.1407700e+00
   1.3060000e-01  -1.3388000e-01   1.1399400e+00
   1.3344000e-01  -1.3517000e-01   1.1390600e+00
   1.3624000e-01  -1.3646000e-01   1.1381500e+00
   1.3900000e-01  -1.3776000e-01   1.1372000e+00
   1.4174000e-01  -1.3905000e-01   1.1362300e+00
   1.4446000e-01  -1.4034000e-01   1.1352300e+00
   1.4717000e-01  -1.4160000e-01   1.1342200e+00
   1.4989000e-01  -1.4284000e-01   1.1332000e+00
   1.5261000e-01  -1.4404000e-01   1.1321800e+00
   1.5534000e-01  -1.4520000e-01   1.1311500e+00
   1.5808000e-01  -1.4632000e-01   1.1301300e+00
   1.6085000e-01  -1.4739000e-01   1.1291000e+00
   1.6364000e-01  -1.4841000e-01   1.1280900e+00
   1.6644000e-01  -1.4937000e-01   1.1270700e+00
   1.6927000e-01  -1.5029000e-01   1.1260600e+00
   1.7212000e-01  -1.5116000e-01   1.1250500e+00
   1.7499000e-01  -1.5198000e-01   1.1240400e+00
   1.7787000e-01  -1.5275000e-01   1.1230200e+00
   1.8076000e-01  -1.5348000e-01   1.1220000e+00
   1.8366000e-01  -1.5418000e-01   1.1209600e+00
   1.8655000e-01  -1.5485000e-01   1.1199100e+00
   1.8944000e-01  -1.5549000e-01   1.1188300e+00
   1.9232000e-01  -1.5611000e-01   1.1177400e+00
   1.9518000e-01  -1.5671000e-01   1.1166300e+00
   1.9802000e-01  -1.5730000e-01   1.1154800e+00
   2.0084000e-01  -1.5788000e-01   1.1143100e+00
   2.0363000e-01  -1.5846000e-01   1.1131100e+00
   2.0640000e-01  -1.5903000e-01   1.1118800e+00
   2.0913000e-01  -1.5960000e-01   1.1106100e+00
   2.1184000e-01  -1.6018000e-01   1.1093100e+00
   2.1452000e-01  -1.6075000e-01   1.1079700e+00
   2.1716000e-01  -1.6134000e-01   1.1066000e+00
   2.1978000e-01  -1.6192000e-01   1.1052000e+00
   2.2236000e-01  -1.6251000e-01   1.1037500e+00
   2.2492000e-01  -1.6311000e-01   1.1022600e+00
   2.2745000e-01  -1.6371000e-01   1.1007400e+00
   2.2995000e-01  -1.6432000e-01   1.0991700e+00
   2.3243000e-01  -1.6494000e-01   1.0975600e+00
   2.3488000e-01  -1.6557000e-01   1.0959000e+00
   2.3730000e-01  -1.6620000e-01   1.0942000e+00
   2.3970000e-01  -1.6685000e-01   1.0924600e+00
   2.4207000e-01  -1.6750000e-01   1.0906600e+00
   2.4442000e-01  -1.6816000e-01   1.0888200e+00
   2.4675000e-01  -1.6883000e-01   1.0869300e+00
   2.4906000e-01  -1.6950000e-01   1.0850000e+00
   2.5135000e-01  -1.7016000e-01   1.0830100e+00
   2.5363000e-01  -1.7083000e-01   1.0809800e+00
   2.5589000e-01  -1.7148000e-01   1.0788900e+00
   2.5815000e-01  -1.7213000e-01   1.0767700e+00
   2.6040000e-01  -1.7276000e-01   1.0745900e+00
   2.6264000e-01  -1.7337000e-01   1.0723700e+00
   2.6488000e-01  -1.7396000e-01   1.0701100e+00
   2.6713000e-01  -1.7453000e-01   1.0678000e+00
   2.6937000e-01  -1.7508000e-01   1.0654500e+00
   2.7161000e-01  -1.7561000e-01   1.0630500e+00
   2.7386000e-01  -1.7611000e-01   1.0606200e+00
   2.7611000e-01  -1.7659000e-01   1.0581400e+00
   2.7836000e-01  -1.7704000e-01   1.0556200e+00
   2.8062000e-01  -1.7747000e-01   1.0530600e+00
   2.8288000e-01  -1.7788000e-01   1.0504700e+00
   2.8514000e-01  -1.7826000e-01   1.0478400e+00
   2.8740000e-01  -1.7861000e-01   1.0451700e+00
   2.8967000e-01  -1.7894000e-01   1.0424700e+00
   2.9193000e-01  -1.7923000e-01   1.0397400e+00
   2.9419000e-01  -1.7950000e-01   1.0369700e+00
   2.9646000e-01  -1.7973000e-01   1.0341800e+00
   2.9872000e-01  -1.7994000e-01   1.0313600e+00
   3.0097000e-01  -1.8011000e-01   1.0285100e+00
   3.0322000e-01  -1.8024000e-01   1.0256400e+00
   3.0546000e-01  -1.8035000e-01   1.0227400e+00
   3.0769000e-01  -1.8042000e-01   1.0198200e+00
   3.0991000e-01  -1.8047000e-01   1.0168800e+00
   3.1212000e-01  -1.8049000e-01   1.0139200e+00
   3.1430000e-01  -1.8048000e-01   1.0109300e+00
   3.1647000e-01  -1.8044000e-01   1.0079300e+00
   3.1862000e-01  -1.8038000e-01   1.0049000e+00
   3.2075000e-01  -1.8030000e-01   1.0018500e+00
   3.2285000e-01  -1.8020000e-01   9.9879000e-01
   3.2493000e-01  -1.8007000e-01   9.9570000e-01
   3.2699000e-01  -1.7992000e-01   9.9260000e-01
   3.2902000e-01  -1.7975000e-01   9.8948000e-01
   3.3104000e-01  -1.7955000e-01   9.8634000e-01
   3.3303000e-01  -1.7933000e-01   9.8319000e-01
   3.3500000e-01  -1.7908000e-01   9.8002000e-01
   3.3696000e-01  -1.7881000e-01   9.7684000e-01
   3.3889000e-01  -1.7850000e-01   9.7364000e-01
   3.4081000e-01  -1.7817000e-01   9.7043000e-01
   3.4271000e-01  -1.7781000e-01   9.6721000e-01
   3.4458000e-01  -1.7743000e-01   9.6398000e-01
   3.4643000e-01  -1.7703000e-01   9.6074000e-01
   3.4825000e-01  -1.7660000e-01   9.5748000e-01
   3.5004000e-01  -1.7616000e-01   9.5421000e-01
   3.5179000e-01  -1.7570000e-01   9.5093000e-01
   3.5350000e-01  -1.7523000e-01   9.4763000e-01
   3.5517000e-01  -1.7475000e-01   9.4433000e-01
   3.5680000e-01  -1.7426000e-01   9.4102000e-01
   3.5838000e-01  -1.7375000e-01   9.3769000e-01
   3.5993000e-01  -1.7323000e-01   9.3437000e-01
   3.6144000e-01  -1.7268000e-01   9.3103000e-01
   3.6292000e-01  -1.7212000e-01   9.2769000e-01
   3.6437000e-01  -1.7152000e-01   9.2435000e-01
   3.6580000e-01  -1.7090000e-01   9.2101000e-01
   3.6722000e-01  -1.7023000e-01   9.1766000e-01
   3.6863000e-01  -1.6952000e-01   9.1432000e-01
   3.7003000e-01  -1.6877000e-01   9.1097000e-01
   3.7142000e-01  -1.6797000e-01   9.0763000e-01
   3.7281000e-01  -1.6712000e-01   9.0428000e-01
   3.7418000e-01  -1.6624000e-01   9.0093000e-01
   3.7555000e-01  -1.6532000e-01   8.9757000e-01
   3.7690000e-01  -1.6436000e-01   8.9421000e-01
   3.7822000e-01  -1.6338000e-01   8.9084000e-01
   3.7952000e-01  -1.6238000e-01   8.8746000e-01
   3.8078000e-01  -1.6137000e-01   8.8406000e-01
   3.8200000e-01  -1.6035000e-01   8.8065000e-01
   3.8318000e-01  -1.5933000e-01   8.7723000e-01
   3.8430000e-01  -1.5832000e-01   8.7379000e-01
   3.8538000e-01  -1.5731000e-01   8.7033000e-01
   3.8640000e-01  -1.5630000e-01   8.6686000e-01
   3.8738000e-01  -1.5531000e-01   8.6338000e-01
   3.8831000e-01  -1.5432000e-01   8.5989000e-01
   3.8919000e-01  -1.5333000e-01   8.5639000e-01
   3.9004000e-01  -1.5234000e-01   8.5288000e-01
   3.9085000e-01  -1.5135000e-01   8.4938000e-01
   3.9164000e-01  -1.5035000e-01   8.4588000e-01
   3.9240000e-01  -1.4935000e-01   8.4238000e-01
   3.9313000e-01  -1.4835000e-01   8.3890000e-01
   3.9384000e-01  -1.4735000e-01   8.3544000e-01
   3.9453000e-01  -1.4634000e-01   8.3199000e-01
   3.9520000e-01  -1.4534000e-01   8.2857000e-01
   3.9585000e-01  -1.4433000e-01   8.2517000e-01
   3.9647000e-01  -1.4333000e-01   8.2180000e-01
   3.9707000e-01  -1.4233000e-01   8.1847000e-01
   3.9765000e-01  -1.4134000e-01   8.1517000e-01
   3.9821000e-01  -1.4036000e-01   8.1191000e-01
   3.9874000e-01  -1.3939000e-01   8.0869000e-01
   3.9924000e-01  -1.3844000e-01   8.0551000e-01
   3.9971000e-01  -1.3749000e-01   8.0238000e-01
   4.0016000e-01  -1.3657000e-01   7.9929000e-01
   4.0057000e-01  -1.3566000e-01   7.9625000e-01
   4.0095000e-01  -1.3477000e-01   7.9326000e-01
   4.0129000e-01  -1.3391000e-01   7.9031000e-01
   4.0159000e-01  -1.3307000e-01   7.8742000e-01
   4.0185000e-01  -1.3226000e-01   7.8457000e-01
   4.0206000e-01  -1.3149000e-01   7.8177000e-01
   4.0223000e-01  -1.3076000e-01   7.7902000e-01
   4.0234000e-01  -1.3006000e-01   7.7632000e-01
   4.0240000e-01  -1.2942000e-01   7.7367000e-01
   4.0240000e-01  -1.2883000e-01   7.7106000e-01
   4.0235000e-01  -1.2829000e-01   7.6850000e-01
   4.0223000e-01  -1.2780000e-01   7.6598000e-01
   4.0207000e-01  -1.2737000e-01   7.6351000e-01
   4.0185000e-01  -1.2700000e-01   7.6109000e-01
   4.0158000e-01  -1.2668000e-01   7.5871000e-01
   4.0127000e-01  -1.2641000e-01   7.5638000e-01
   4.0091000e-01  -1.2620000e-01   7.5409000e-01
   4.0051000e-01  -1.2602000e-01   7.5186000e-01
   4.0007000e-01  -1.2589000e-01   7.4968000e-01
   3.9960000e-01  -1.2579000e-01   7.4755000e-01
   3.9909000e-01  -1.2573000e-01   7.4547000e-01
   3.9856000e-01  -1.2569000e-01   7.4344000e-01
   3.9801000e-01  -1.2567000e-01   7.4147000e-01
   3.9744000e-01  -1.2568000e-01   7.3955000e-01
   3.9686000e-01  -1.2570000e-01   7.3768000e-01
   3.9626000e-01  -1.2574000e-01   7.3586000e-01
   3.9566000e-01  -1.2579000e-01   7.3408000e-01
   3.9505000e-01  -1.2586000e-01   7.3236000e-01
   3.9444000e-01  -1.2593000e-01   7.3069000e-01
   3.9382000e-01  -1.2601000e-01   7.2906000e-01
   3.9320000e-01  -1.2610000e-01   7.2748000e-01
   3.9258000e-01  -1.2619000e-01   7.2595000e-01
   3.9197000e-01  -1.2630000e-01   7.2445000e-01
   3.9136000e-01  -1.2640000e-01   7.2300000e-01
   3.9075000e-01  -1.2651000e-01   7.2159000e-01
   3.9016000e-01  -1.2661000e-01   7.2023000e-01
   3.8958000e-01  -1.2672000e-01   7.1889000e-01
   3.8900000e-01  -1.2682000e-01   7.1760000e-01
   3.8844000e-01  -1.2693000e-01   7.1634000e-01
   3.8789000e-01  -1.2702000e-01   7.1512000e-01
   3.8736000e-01  -1.2712000e-01   7.1394000e-01
   3.8683000e-01  -1.2721000e-01   7.1279000e-01
   3.8631000e-01  -1.2730000e-01   7.1167000e-01
   3.8580000e-01  -1.2739000e-01   7.1058000e-01
   3.8529000e-01  -1.2748000e-01   7.0953000e-01
   3.8479000e-01  -1.2757000e-01   7.0851000e-01
   3.8429000e-01  -1.2767000e-01   7.0752000e-01
   3.8379000e-01  -1.2777000e-01   7.0657000e-01
   3.8328000e-01  -1.2788000e-01   7.0564000e-01
   3.8278000e-01  -1.2799000e-01   7.0475000e-01
   3.8227000e-01  -1.2811000e-01   7.0389000e-01
   3.8176000e-01  -1.2824000e-01   7.0306000e-01
   3.8125000e-01  -1.2837000e-01   7.0226000e-01
   3.8075000e-01  -1.2850000e-01   7.0150000e-01
   3.8026000e-01  -1.2864000e-01   7.0076000e-01
   3.7977000e-01  -1.2877000e-01   7.0006000e-01
   3.7930000e-01  -1.2890000e-01   6.9940000e-01
   3.7883000e-01  -1.2902000e-01   6.9876000e-01
   3.7839000e-01  -1.2914000e-01   6.9816000e-01
   3.7796000e-01  -1.2925000e-01   6.9760000e-01
   3.7754000e-01  -1.2935000e-01   6.9707000e-01
   3.7714000e-01  -1.2944000e-01   6.9657000e-01
   3.7676000e-01  -1.2952000e-01   6.9610000e-01
   3.7639000e-01  -1.2959000e-01   6.9566000e-01
   3.7604000e-01  -1.2966000e-01   6.9526000e-01
   3.7571000e-01  -1.2972000e-01   6.9489000e-01
   3.7539000e-01  -1.2977000e-01   6.9455000e-01
   3.7508000e-01  -1.2981000e-01   6.9424000e-01
   3.7479000e-01  -1.2985000e-01   6.9397000e-01
   3.7451000e-01  -1.2987000e-01   6.9372000e-01
   3.7425000e-01  -1.2989000e-01   6.9351000e-01
   3.7400000e-01  -1.2990000e-01   6.9333000e-01
   3.7377000e-01  -1.2990000e-01   6.9319000e-01
   3.7356000e-01  -1.2988000e-01   6.9308000e-01
   3.7336000e-01  -1.2986000e-01   6.9300000e-01
   3.7319000e-01  -1.2982000e-01   6.9295000e-01
   3.7304000e-01  -1.2976000e-01   6.9294000e-01
   3.7291000e-01  -1.2970000e-01   6.9296000e-01
   3.7281000e-01  -1.2961000e-01   6.9301000e-01
   3.7272000e-01  -1.2952000e-01   6.9308000e-01
   3.7266000e-01  -1.2941000e-01   6.9319000e-01
   3.7262000e-01  -1.2929000e-01   6.9333000e-01
   3.7260000e-01  -1.2916000e-01   6.9349000e-01
   3.7259000e-01  -1.2902000e-01   6.9368000e-01
   3.7260000e-01  -1.2887000e-01   6.9390000e-01
   3.7263000e-01  -1.2871000e-01   6.9415000e-01
   3.7267000e-01  -1.2854000e-01   6.9442000e-01
   3.7271000e-01  -1.2836000e-01   6.9472000e-01
   3.7277000e-01  -1.2818000e-01   6.9504000e-01
   3.7283000e-01  -1.2799000e-01   6.9538000e-01
   3.7290000e-01  -1.2780000e-01   6.9575000e-01
   3.7299000e-01  -1.2760000e-01   6.9614000e-01
   3.7308000e-01  -1.2740000e-01   6.9655000e-01
   3.7318000e-01  -1.2719000e-01   6.9698000e-01
   3.7329000e-01  -1.2697000e-01   6.9744000e-01
   3.7340000e-01  -1.2675000e-01   6.9791000e-01
   3.7353000e-01  -1.2652000e-01   6.9840000e-01
   3.7365000e-01  -1.2629000e-01   6.9891000e-01
   3.7379000e-01  -1.2606000e-01   6.9945000e-01
   3.7392000e-01  -1.2583000e-01   7.0000000e-01
   3.7406000e-01  -1.2560000e-01   7.0056000e-01
   3.7419000e-01  -1.2537000e-01   7.0115000e-01
   3.7432000e-01  -1.2516000e-01   7.0175000e-01
   3.7444000e-01  -1.2495000e-01   7.0237000e-01
   3.7455000e-01  -1.2476000e-01   7.0300000e-01
   3.7465000e-01  -1.2458000e-01   7.0364000e-01
   3.7473000e-01  -1.2441000e-01   7.0430000e-01
   3.7480000e-01  -1.2427000e-01   7.0497000e-01
   3.7485000e-01  -1.2414000e-01   7.0565000e-01
   3.7489000e-01  -1.2403000e-01   7.0634000e-01
   3.7491000e-01  -1.2393000e-01   7.0704000e-01
   3.7492000e-01  -1.2385000e-01   7.0774000e-01
   3.7492000e-01  -1.2378000e-01   7.0845000e-01
   3.7490000e-01  -1.2372000e-01   7.0916000e-01
   3.7488000e-01  -1.2367000e-01   7.0988000e-01
   3.7486000e-01  -1.2364000e-01   7.1060000e-01
   3.7482000e-01  -1.2361000e-01   7.1132000e-01
   3.7478000e-01  -1.2359000e-01   7.1204000e-01
   3.7474000e-01  -1.2357000e-01   7.1276000e-01
   3.7469000e-01  -1.2356000e-01   7.1348000e-01
   3.7463000e-01  -1.2357000e-01   7.1420000e-01
   3.7456000e-01  -1.2357000e-01   7.1493000e-01
   3.7449000e-01  -1.2359000e-01   7.1565000e-01
