  -4.6186000e-01  -2.3331000e-01   1.5050000e+00
  -4.6141000e-01  -2.3282000e-01   1.5047600e+00
  -4.6095000e-01  -2.3233000e-01   1.5045200e+00
  -4.6047000e-01  -2.3184000e-01   1.5042700e+00
  -4.5998000e-01  -2.3134000e-01   1.5040200e+00
  -4.5947000e-01  -2.3084000e-01   1.5037600e+00
  -4.5895000e-01  -2.3034000e-01   1.5035100e+00
  -4.5842000e-01  -2.2983000e-01   1.5032500e+00
  -4.5788000e-01  -2.2932000e-01   1.5029900e+00
  -4.5733000e-01  -2.2881000e-01   1.5027200e+00
  -4.5676000e-01  -2.2828000e-01   1.5024600e+00
  -4.5619000e-01  -2.2776000e-01   1.5021900e+00
  -4.5560000e-01  -2.2723000e-01   1.5019200e+00
  -4.5500000e-01  -2.2669000e-01   1.5016500e+00
  -4.5439000e-01  -2.2615000e-01   1.5013700e+00
  -4.5376000e-01  -2.2560000e-01   1.5010800e+00
  -4.5312000e-01  -2.2504000e-01   1.5007900e+00
  -4.5246000e-01  -2.2448000e-01   1.5004800e+00
  -4.5179000e-01  -2.2392000e-01   1.5001600e+00
  -4.5109000e-01  -2.2335000e-01   1.4998300e+00
  -4.5037000e-01  -2.2277000e-01   1.4994700e+00
  -4.4962000e-01  -2.2218000e-01   1.4990900e+00
  -4.4884000e-01  -2.2159000e-01   1.4986800e+00
  -4.4803000e-01  -2.2099000e-01   1.4982400e+00
  -4.4719000e-01  -2.2039000e-01   1.4977600e+00
  -4.4630000e-01  -2.1977000e-01   1.4972400e+00
  -4.4538000e-01  -2.1915000e-01   1.4966800e+00
  -4.4441000e-01  -2.1852000e-01   1.4960700e+00
  -4.4341000e-01  -2.1789000e-01   1.4954100e+00
  -4.4235000e-01  -2.1724000e-01   1.4947100e+00
  -4.4126000e-01  -2.1659000e-01   1.4939500e+00
  -4.4013000e-01  -2.1592000e-01   1.4931400e+00
  -4.3895000e-01  -2.1524000e-01   1.4923000e+00
  -4.3775000e-01  -2.1456000e-01   1.4914100e+00
  -4.3652000e-01  -2.1386000e-01   1.4905000e+00
  -4.3526000e-01  -2.1314000e-01   1.4895600e+00
  -4.3399000e-01  -2.1242000e-01   1.4886100e+00
  -4.3272000e-01  -2.1168000e-01   1.4876500e+00
  -4.3145000e-01  -2.1092000e-01   1.4867100e+00
  -4.3018000e-01  -2.1016000e-01   1.4857800e+00
  -4.2893000e-01  -2.0937000e-01   1.4848800e+00
  -4.2770000e-01  -2.0858000e-01   1.4840200e+00
  -4.2650000e-01  -2.0777000e-01   1.4832100e+00
  -4.2533000e-01  -2.0695000e-01   1.4824600e+00
  -4.2419000e-01  -2.0612000e-01   1.4817600e+00
  -4.2309000e-01  -2.0529000e-01   1.4811200e+00
  -4.2201000e-01  -2.0445000e-01   1.4805500e+00
  -4.2096000e-01  -2.0361000e-01   1.4800300e+00
  -4.1993000e-01  -2.0278000e-01   1.4795700e+00
  -4.1891000e-01  -2.0196000e-01   1.4791600e+00
  -4.1789000e-01  -2.0115000e-01   1.4788000e+00
  -4.1687000e-01  -2.0036000e-01   1.4784700e+00
  -4.1584000e-01  -1.9959000e-01   1.4781600e+00
  -4.1479000e-01  -1.9884000e-01   1.4778700e+00
  -4.1371000e-01  -1.9812000e-01   1.4775900e+00
  -4.1259000e-01  -1.9744000e-01   1.4773100e+00
  -4.1143000e-01  -1.9678000e-01   1.4770100e+00
  -4.1023000e-01  -1.9615000e-01   1.4767100e+00
  -4.0898000e-01  -1.9555000e-01   1.4763800e+00
  -4.0768000e-01  -1.9498000e-01   1.4760300e+00
  -4.0632000e-01  -1.9445000e-01   1.4756600e+00
  -4.0492000e-01  -1.9394000e-01   1.4752500e+00
  -4.0346000e-01  -1.9345000e-01   1.4748300e+00
  -4.0196000e-01  -1.9299000e-01   1.4743700e+00
  -4.0041000e-01  -1.9255000e-01   1.4739000e+00
  -3.9882000e-01  -1.9214000e-01   1.4734100e+00
  -3.9718000e-01  -1.9174000e-01   1.4729000e+00
  -3.9551000e-01  -1.9135000e-01   1.4723800e+00
  -3.9381000e-01  -1.9098000e-01   1.4718600e+00
  -3.9207000e-01  -1.9062000e-01   1.4713400e+00
  -3.9030000e-01  -1.9027000e-01   1.4708100e+00
  -3.8851000e-01  -1.8993000e-01   1.4702900e+00
  -3.8669000e-01  -1.8960000e-01   1.4697800e+00
  -3.8485000e-01  -1.8927000e-01   1.4692800e+00
  -3.8299000e-01  -1.8895000e-01   1.4687900e+00
  -3.8110000e-01  -1.8863000e-01   1.4683100e+00
  -3.7919000e-01  -1.8832000e-01   1.4678500e+00
  -3.7726000e-01  -1.8801000e-01   1.4674000e+00
  -3.7531000e-01  -1.8770000e-01   1.4669700e+00
  -3.7334000e-01  -1.8740000e-01   1.4665500e+00
  -3.7135000e-01  -1.8710000e-01   1.4661500e+00
  -3.6933000e-01  -1.8680000e-01   1.4657600e+00
  -3.6729000e-01  -1.8650000e-01   1.4653900e+00
  -3.6522000e-01  -1.8620000e-01   1.4650200e+00
  -3.6313000e-01  -1.8591000e-01   1.4646700e+00
  -3.6102000e-01  -1.8561000e-01   1.4643300e+00
  -3.5888000e-01  -1.8532000e-01   1.4639900e+00
  -3.5671000e-01  -1.8503000e-01   1.4636600e+00
  -3.5451000e-01  -1.8474000e-01   1.4633300e+00
  -3.5229000e-01  -1.8445000e-01   1.4630000e+00
  -3.5003000e-01  -1.8416000e-01   1.4626700e+00
  -3.4774000e-01  -1.8386000e-01   1.4623300e+00
  -3.4542000e-01  -1.8357000e-01   1.4619700e+00
  -3.4306000e-01  -1.8328000e-01   1.4616000e+00
  -3.4066000e-01  -1.8298000e-01   1.4612000e+00
  -3.3822000e-01  -1.8268000e-01   1.4607700e+00
  -3.3573000e-01  -1.8238000e-01   1.4603000e+00
  -3.3321000e-01  -1.8207000e-01   1.4597900e+00
  -3.3063000e-01  -1.8176000e-01   1.4592300e+00
  -3.2801000e-01  -1.8144000e-01   1.4586200e+00
  -3.2533000e-01  -1.8112000e-01   1.4579300e+00
  -3.2261000e-01  -1.8078000e-01   1.4571900e+00
  -3.1983000e-01  -1.8044000e-01   1.4563700e+00
  -3.1699000e-01  -1.8008000e-01   1.4554700e+00
  -3.1410000e-01  -1.7972000e-01   1.4545000e+00
  -3.1116000e-01  -1.7934000e-01   1.4534400e+00
  -3.0817000e-01  -1.7895000e-01   1.4523100e+00
  -3.0513000e-01  -1.7855000e-01   1.4511000e+00
  -3.0204000e-01  -1.7813000e-01   1.4498300e+00
  -2.9890000e-01  -1.7770000e-01   1.4484800e+00
  -2.9573000e-01  -1.7726000e-01   1.4470700e+00
  -2.9252000e-01  -1.7680000e-01   1.4456100e+00
  -2.8928000e-01  -1.7633000e-01   1.4441000e+00
  -2.8601000e-01  -1.7584000e-01   1.4425600e+00
  -2.8272000e-01  -1.7535000e-01   1.4410000e+00
  -2.7941000e-01  -1.7485000e-01   1.4394100e+00
  -2.7609000e-01  -1.7434000e-01   1.4378300e+00
  -2.7277000e-01  -1.7382000e-01   1.4362500e+00
  -2.6944000e-01  -1.7330000e-01   1.4346900e+00
  -2.6612000e-01  -1.7277000e-01   1.4331500e+00
  -2.6281000e-01  -1.7225000e-01   1.4316400e+00
  -2.5950000e-01  -1.7172000e-01   1.4301800e+00
  -2.5621000e-01  -1.7120000e-01   1.4287700e+00
  -2.5294000e-01  -1.7068000e-01   1.4274000e+00
  -2.4969000e-01  -1.7017000e-01   1.4260900e+00
  -2.4645000e-01  -1.6966000e-01   1.4248400e+00
  -2.4324000e-01  -1.6917000e-01   1.4236500e+00
  -2.4005000e-01  -1.6868000e-01   1.4225200e+00
  -2.3688000e-01  -1.6821000e-01   1.4214400e+00
  -2.3373000e-01  -1.6774000e-01   1.4204200e+00
  -2.3060000e-01  -1.6729000e-01   1.4194500e+00
  -2.2749000e-01  -1.6686000e-01   1.4185300e+00
  -2.2440000e-01  -1.6643000e-01   1.4176400e+00
  -2.2132000e-01  -1.6602000e-01   1.4168000e+00
  -2.1826000e-01  -1.6563000e-01   1.4159900e+00
  -2.1521000e-01  -1.6525000e-01   1.4152100e+00
  -2.1217000e-01  -1.6489000e-01   1.4144500e+00
  -2.0914000e-01  -1.6454000e-01   1.4137200e+00
  -2.0612000e-01  -1.6422000e-01   1.4129900e+00
  -2.0310000e-01  -1.6391000e-01   1.4122800e+00
  -2.0009000e-01  -1.6362000e-01   1.4115800e+00
  -1.9708000e-01  -1.6335000e-01   1.4108800e+00
  -1.9407000e-01  -1.6310000e-01   1.4101900e+00
  -1.9106000e-01  -1.6288000e-01   1.4095000e+00
  -1.8805000e-01  -1.6267000e-01   1.4088100e+00
  -1.8504000e-01  -1.6250000e-01   1.4081200e+00
  -1.8202000e-01  -1.6235000e-01   1.4074400e+00
  -1.7900000e-01  -1.6222000e-01   1.4067600e+00
  -1.7598000e-01  -1.6213000e-01   1.4060900e+00
  -1.7295000e-01  -1.6206000e-01   1.4054300e+00
  -1.6992000e-01  -1.6203000e-01   1.4047700e+00
  -1.6688000e-01  -1.6202000e-01   1.4041300e+00
  -1.6384000e-01  -1.6205000e-01   1.4034900e+00
  -1.6079000e-01  -1.6212000e-01   1.4028700e+00
  -1.5773000e-01  -1.6222000e-01   1.4022700e+00
  -1.5466000e-01  -1.6235000e-01   1.4016800e+00
  -1.5158000e-01  -1.6252000e-01   1.4011100e+00
  -1.4849000e-01  -1.6273000e-01   1.4005500e+00
  -1.4539000e-01  -1.6298000e-01   1.4000100e+00
  -1.4228000e-01  -1.6326000e-01   1.3994800e+00
  -1.3916000e-01  -1.6357000e-01   1.3989700e+00
  -1.3602000e-01  -1.6393000e-01   1.3984700e+00
  -1.3287000e-01  -1.6432000e-01   1.3979800e+00
  -1.2971000e-01  -1.6475000e-01   1.3975100e+00
  -1.2652000e-01  -1.6521000e-01   1.3970500e+00
  -1.2333000e-01  -1.6571000e-01   1.3966000e+00
  -1.2011000e-01  -1.6625000e-01   1.3961500e+00
  -1.1688000e-01  -1.6682000e-01   1.3957200e+00
  -1.1364000e-01  -1.6743000e-01   1.3953000e+00
  -1.1038000e-01  -1.6807000e-01   1.3949000e+00
  -1.0710000e-01  -1.6876000e-01   1.3945000e+00
  -1.0381000e-01  -1.6948000e-01   1.3941200e+00
  -1.0050000e-01  -1.7023000e-01   1.3937500e+00
  -9.7170000e-02  -1.7103000e-01   1.3934000e+00
  -9.3840000e-02  -1.7186000e-01   1.3930700e+00
  -9.0480000e-02  -1.7273000e-01   1.3927500e+00
  -8.7120000e-02  -1.7364000e-01   1.3924500e+00
  -8.3740000e-02  -1.7458000e-01   1.3921600e+00
  -8.0350000e-02  -1.7556000e-01   1.3919000e+00
  -7.6940000e-02  -1.7658000e-01   1.3916400e+00
  -7.3520000e-02  -1.7764000e-01   1.3914100e+00
  -7.0090000e-02  -1.7873000e-01   1.3911900e+00
  -6.6640000e-02  -1.7986000e-01   1.3909700e+00
  -6.3180000e-02  -1.8102000e-01   1.3907700e+00
  -5.9710000e-02  -1.8222000e-01   1.3905800e+00
  -5.6230000e-02  -1.8345000e-01   1.3903800e+00
  -5.2730000e-02  -1.8471000e-01   1.3901900e+00
  -4.9220000e-02  -1.8600000e-01   1.3900000e+00
  -4.5700000e-02  -1.8732000e-01   1.3898000e+00
  -4.2170000e-02  -1.8867000e-01   1.3895900e+00
  -3.8630000e-02  -1.9005000e-01   1.3893600e+00
  -3.5090000e-02  -1.9146000e-01   1.3891300e+00
  -3.1530000e-02  -1.9289000e-01   1.3888700e+00
  -2.7970000e-02  -1.9434000e-01   1.3885900e+00
  -2.4400000e-02  -1.9581000e-01   1.3882900e+00
  -2.0830000e-02  -1.9731000e-01   1.3879600e+00
  -1.7250000e-02  -1.9883000e-01   1.3876100e+00
  -1.3670000e-02  -2.0036000e-01   1.3872200e+00
  -1.0090000e-02  -2.0192000e-01   1.3868000e+00
  -6.5100000e-03  -2.0349000e-01   1.3863500e+00
  -2.9300000e-03  -2.0507000e-01   1.3858700e+00
   6.5000000e-04  -2.0667000e-01   1.3853500e+00
   4.2200000e-03  -2.0828000e-01   1.3848000e+00
   7.7900000e-03  -2.0991000e-01   1.3842200e+00
   1.1350000e-02  -2.1155000e-01   1.3836100e+00
   1.4910000e-02  -2.1320000e-01   1.3829600e+00
   1.8450000e-02  -2.1486000e-01   1.3822900e+00
   2.1990000e-02  -2.1654000e-01   1.3816000e+00
   2.5510000e-02  -2.1822000e-01   1.3808800e+00
   2.9020000e-02  -2.1992000e-01   1.3801400e+00
   3.2520000e-02  -2.2162000e-01   1.3793900e+00
   3.6000000e-02  -2.2334000e-01   1.3786300e+00
   3.9460000e-02  -2.2508000e-01   1.3778600e+00
   4.2910000e-02  -2.2682000e-01   1.3770900e+00
   4.6340000e-02  -2.2859000e-01   1.3763200e+00
   4.9750000e-02  -2.3036000e-01   1.3755600e+00
   5.3140000e-02  -2.3215000e-01   1.3748000e+00
   5.6510000e-02  -2.3396000e-01   1.3740600e+00
   5.9850000e-02  -2.3578000e-01   1.3733300e+00
   6.3180000e-02  -2.3762000e-01   1.3726200e+00
   6.6480000e-02  -2.3947000e-01   1.3719200e+00
   6.9750000e-02  -2.4134000e-01   1.3712400e+00
   7.3000000e-02  -2.4322000e-01   1.3705800e+00
   7.6220000e-02  -2.4511000e-01   1.3699300e+00
   7.9410000e-02  -2.4702000e-01   1.3693000e+00
   8.2570000e-02  -2.4894000e-01   1.3686800e+00
   8.5710000e-02  -2.5087000e-01   1.3680700e+00
   8.8820000e-02  -2.5280000e-01   1.3674600e+00
   9.1890000e-02  -2.5475000e-01   1.3668600e+00
   9.4940000e-02  -2.5670000e-01   1.3662600e+00
   9.7960000e-02  -2.5866000e-01   1.3656500e+00
   1.0095000e-01  -2.6062000e-01   1.3650400e+00
   1.0391000e-01  -2.6258000e-01   1.3644200e+00
   1.0684000e-01  -2.6454000e-01   1.3637800e+00
   1.0974000e-01  -2.6650000e-01   1.3631400e+00
   1.1261000e-01  -2.6847000e-01   1.3624800e+00
   1.1546000e-01  -2.7043000e-01   1.3618100e+00
   1.1828000e-01  -2.7239000e-01   1.3611200e+00
   1.2108000e-01  -2.7436000e-01   1.3604100e+00
   1.2385000e-01  -2.7632000e-01   1.3596800e+00
   1.2661000e-01  -2.7828000e-01   1.3589400e+00
   1.2935000e-01  -2.8024000e-01   1.3581800e+00
   1.3208000e-01  -2.8221000e-01   1.3573900e+00
   1.3481000e-01  -2.8418000e-01   1.3565900e+00
   1.3753000e-01  -2.8616000e-01   1.3557700e+00
   1.4027000e-01  -2.8816000e-01   1.3549200e+00
   1.4301000e-01  -2.9016000e-01   1.3540500e+00
   1.4578000e-01  -2.9218000e-01   1.3531500e+00
   1.4858000e-01  -2.9422000e-01   1.3522200e+00
   1.5142000e-01  -2.9627000e-01   1.3512500e+00
   1.5429000e-01  -2.9835000e-01   1.3502500e+00
   1.5722000e-01  -3.0046000e-01   1.3492100e+00
   1.6020000e-01  -3.0259000e-01   1.3481300e+00
   1.6323000e-01  -3.0474000e-01   1.3470000e+00
   1.6631000e-01  -3.0692000e-01   1.3458300e+00
   1.6941000e-01  -3.0910000e-01   1.3446200e+00
   1.7253000e-01  -3.1130000e-01   1.3433700e+00
   1.7564000e-01  -3.1348000e-01   1.3420900e+00
   1.7870000e-01  -3.1564000e-01   1.3407900e+00
   1.8171000e-01  -3.1778000e-01   1.3394700e+00
   1.8465000e-01  -3.1989000e-01   1.3381300e+00
   1.8751000e-01  -3.2196000e-01   1.3367800e+00
   1.9030000e-01  -3.2399000e-01   1.3354300e+00
   1.9300000e-01  -3.2599000e-01   1.3340600e+00
   1.9563000e-01  -3.2796000e-01   1.3326700e+00
   1.9820000e-01  -3.2990000e-01   1.3312700e+00
   2.0071000e-01  -3.3181000e-01   1.3298600e+00
   2.0317000e-01  -3.3369000e-01   1.3284200e+00
   2.0558000e-01  -3.3555000e-01   1.3269600e+00
   2.0795000e-01  -3.3740000e-01   1.3254700e+00
   2.1029000e-01  -3.3922000e-01   1.3239600e+00
   2.1260000e-01  -3.4103000e-01   1.3224100e+00
   2.1488000e-01  -3.4283000e-01   1.3208300e+00
   2.1715000e-01  -3.4461000e-01   1.3192200e+00
   2.1940000e-01  -3.4638000e-01   1.3175600e+00
   2.2164000e-01  -3.4814000e-01   1.3158700e+00
   2.2386000e-01  -3.4989000e-01   1.3141400e+00
   2.2607000e-01  -3.5162000e-01   1.3123800e+00
   2.2826000e-01  -3.5334000e-01   1.3105700e+00
   2.3045000e-01  -3.5505000e-01   1.3087200e+00
   2.3262000e-01  -3.5675000e-01   1.3068400e+00
   2.3479000e-01  -3.5843000e-01   1.3049200e+00
   2.3694000e-01  -3.6010000e-01   1.3029700e+00
   2.3908000e-01  -3.6176000e-01   1.3009900e+00
   2.4121000e-01  -3.6340000e-01   1.2989700e+00
   2.4333000e-01  -3.6503000e-01   1.2969300e+00
   2.4544000e-01  -3.6664000e-01   1.2948600e+00
   2.4754000e-01  -3.6824000e-01   1.2927700e+00
   2.4962000e-01  -3.6983000e-01   1.2906500e+00
   2.5170000e-01  -3.7141000e-01   1.2885200e+00
   2.5376000e-01  -3.7298000e-01   1.2863600e+00
   2.5582000e-01  -3.7454000e-01   1.2841900e+00
   2.5787000e-01  -3.7609000e-01   1.2820100e+00
   2.5991000e-01  -3.7764000e-01   1.2798100e+00
   2.6194000e-01  -3.7919000e-01   1.2775900e+00
   2.6397000e-01  -3.8073000e-01   1.2753700e+00
   2.6599000e-01  -3.8228000e-01   1.2731300e+00
   2.6800000e-01  -3.8382000e-01   1.2708800e+00
   2.7001000e-01  -3.8537000e-01   1.2686200e+00
   2.7202000e-01  -3.8692000e-01   1.2663500e+00
   2.7401000e-01  -3.8847000e-01   1.2640700e+00
   2.7600000e-01  -3.9002000e-01   1.2617800e+00
   2.7798000e-01  -3.9157000e-01   1.2594800e+00
   2.7995000e-01  -3.9312000e-01   1.2571700e+00
   2.8191000e-01  -3.9467000e-01   1.2548500e+00
   2.8386000e-01  -3.9621000e-01   1.2525100e+00
   2.8579000e-01  -3.9774000e-01   1.2501500e+00
   2.8771000e-01  -3.9926000e-01   1.2477800e+00
   2.8961000e-01  -4.0076000e-01   1.2453800e+00
   2.9150000e-01  -4.0225000e-01   1.2429600e+00
   2.9336000e-01  -4.0372000e-01   1.2405100e+00
   2.9521000e-01  -4.0518000e-01   1.2380300e+00
   2.9704000e-01  -4.0661000e-01   1.2355200e+00
   2.9886000e-01  -4.0802000e-01   1.2329600e+00
   3.0065000e-01  -4.0942000e-01   1.2303700e+00
   3.0243000e-01  -4.1079000e-01   1.2277300e+00
   3.0419000e-01  -4.1214000e-01   1.2250500e+00
   3.0593000e-01  -4.1346000e-01   1.2223200e+00
   3.0766000e-01  -4.1477000e-01   1.2195500e+00
   3.0937000e-01  -4.1606000e-01   1.2167400e+00
   3.1106000e-01  -4.1734000e-01   1.2138800e+00
   3.1274000e-01  -4.1860000e-01   1.2109900e+00
   3.1441000e-01  -4.1984000e-01   1.2080500e+00
   3.1606000e-01  -4.2106000e-01   1.2050900e+00
   3.1769000e-01  -4.2227000e-01   1.2021000e+00
   3.1931000e-01  -4.2347000e-01   1.1990800e+00
   3.2091000e-01  -4.2465000e-01   1.1960400e+00
   3.2249000e-01  -4.2581000e-01   1.1929800e+00
   3.2404000e-01  -4.2696000e-01   1.1899100e+00
   3.2558000e-01  -4.2809000e-01   1.1868300e+00
   3.2709000e-01  -4.2920000e-01   1.1837400e+00
   3.2857000e-01  -4.3029000e-01   1.1806400e+00
   3.3003000e-01  -4.3135000e-01   1.1775400e+00
   3.3146000e-01  -4.3240000e-01   1.1744400e+00
   3.3285000e-01  -4.3342000e-01   1.1713300e+00
   3.3421000e-01  -4.3441000e-01   1.1682100e+00
   3.3553000e-01  -4.3538000e-01   1.1651000e+00
   3.3682000e-01  -4.3632000e-01   1.1619700e+00
   3.3807000e-01  -4.3723000e-01   1.1588500e+00
   3.3928000e-01  -4.3810000e-01   1.1557100e+00
   3.4045000e-01  -4.3895000e-01   1.1525600e+00
   3.4158000e-01  -4.3976000e-01   1.1494000e+00
   3.4267000e-01  -4.4054000e-01   1.1462300e+00
   3.4373000e-01  -4.4129000e-01   1.1430500e+00
   3.4475000e-01  -4.4201000e-01   1.1398400e+00
   3.4574000e-01  -4.4270000e-01   1.1366200e+00
   3.4669000e-01  -4.4337000e-01   1.1333900e+00
   3.4762000e-01  -4.4401000e-01   1.1301300e+00
   3.4852000e-01  -4.4462000e-01   1.1268500e+00
   3.4940000e-01  -4.4521000e-01   1.1235600e+00
   3.5026000e-01  -4.4579000e-01   1.1202400e+00
   3.5110000e-01  -4.4635000e-01   1.1169100e+00
   3.5193000e-01  -4.4689000e-01   1.1135600e+00
   3.5274000e-01  -4.4741000e-01   1.1101900e+00
   3.5353000e-01  -4.4792000e-01   1.1068200e+00
   3.5432000e-01  -4.4842000e-01   1.1034300e+00
   3.5508000e-01  -4.4890000e-01   1.1000300e+00
   3.5584000e-01  -4.4937000e-01   1.0966300e+00
   3.5657000e-01  -4.4982000e-01   1.0932200e+00
   3.5730000e-01  -4.5026000e-01   1.0898100e+00
   3.5800000e-01  -4.5068000e-01   1.0864000e+00
   3.5868000e-01  -4.5109000e-01   1.0830000e+00
   3.5935000e-01  -4.5148000e-01   1.0796000e+00
   3.5999000e-01  -4.5185000e-01   1.0762200e+00
   3.6061000e-01  -4.5221000e-01   1.0728400e+00
   3.6121000e-01  -4.5255000e-01   1.0694800e+00
   3.6178000e-01  -4.5287000e-01   1.0661400e+00
   3.6233000e-01  -4.5317000e-01   1.0628100e+00
   3.6286000e-01  -4.5345000e-01   1.0595100e+00
   3.6336000e-01  -4.5372000e-01   1.0562300e+00
   3.6383000e-01  -4.5397000e-01   1.0529800e+00
   3.6428000e-01  -4.5420000e-01   1.0497600e+00
   3.6471000e-01  -4.5442000e-01   1.0465600e+00
   3.6511000e-01  -4.5462000e-01   1.0434000e+00
   3.6549000e-01  -4.5480000e-01   1.0402700e+00
   3.6585000e-01  -4.5497000e-01   1.0371800e+00
   3.6619000e-01  -4.5513000e-01   1.0341100e+00
   3.6651000e-01  -4.5528000e-01   1.0310800e+00
   3.6681000e-01  -4.5541000e-01   1.0280800e+00
   3.6709000e-01  -4.5553000e-01   1.0251100e+00
   3.6736000e-01  -4.5564000e-01   1.0221800e+00
   3.6760000e-01  -4.5574000e-01   1.0192700e+00
   3.6784000e-01  -4.5583000e-01   1.0163900e+00
   3.6806000e-01  -4.5591000e-01   1.0135400e+00
   3.6826000e-01  -4.5599000e-01   1.0107100e+00
   3.6845000e-01  -4.5605000e-01   1.0079100e+00
   3.6863000e-01  -4.5610000e-01   1.0051300e+00
   3.6880000e-01  -4.5615000e-01   1.0023600e+00
   3.6895000e-01  -4.5618000e-01   9.9962000e-01
   3.6910000e-01  -4.5621000e-01   9.9689000e-01
   3.6924000e-01  -4.5624000e-01   9.9418000e-01
   3.6936000e-01  -4.5625000e-01   9.9148000e-01
   3.6948000e-01  -4.5626000e-01   9.8879000e-01
   3.6959000e-01  -4.5626000e-01   9.8611000e-01
   3.6969000e-01  -4.5625000e-01   9.8345000e-01
   3.6978000e-01  -4.5624000e-01   9.8080000e-01
   3.6987000e-01  -4.5622000e-01   9.7816000e-01
   3.6994000e-01  -4.5620000e-01   9.7553000e-01
   3.7001000e-01  -4.5617000e-01   9.7292000e-01
   3.7008000e-01  -4.5614000e-01   9.7032000e-01
   3.7014000e-01  -4.5611000e-01   9.6773000e-01
   3.7019000e-01  -4.5606000e-01   9.6516000e-01
   3.7024000e-01  -4.5602000e-01   9.6261000e-01
   3.7028000e-01  -4.5598000e-01   9.6008000e-01
   3.7032000e-01  -4.5593000e-01   9.5756000e-01
   3.7035000e-01  -4.5588000e-01   9.5506000e-01
   3.7038000e-01  -4.5583000e-01   9.5258000e-01
   3.7041000e-01  -4.5578000e-01   9.5012000e-01
   3.7044000e-01  -4.5573000e-01   9.4767000e-01
   3.7046000e-01  -4.5568000e-01   9.4524000e-01
   3.7048000e-01  -4.5564000e-01   9.4282000e-01
   3.7051000e-01  -4.5560000e-01   9.4042000e-01
   3.7053000e-01  -4.5556000e-01   9.3802000e-01
   3.7054000e-01  -4.5553000e-01   9.3564000e-01
   3.7056000e-01  -4.5550000e-01   9.3327000e-01
   3.7058000e-01  -4.5548000e-01   9.3090000e-01
   3.7059000e-01  -4.5546000e-01   9.2855000e-01
   3.7061000e-01  -4.5545000e-01   9.2620000e-01
   3.7062000e-01  -4.5544000e-01   9.2386000e-01
   3.7062000e-01  -4.5544000e-01   9.2153000e-01
   3.7063000e-01  -4.5545000e-01   9.1922000e-01
   3.7063000e-01  -4.5547000e-01   9.1692000e-01
   3.7062000e-01  -4.5549000e-01   9.1464000e-01
   3.7061000e-01  -4.5552000e-01   9.1237000e-01
   3.7060000e-01  -4.5556000e-01   9.1013000e-01
   3.7058000e-01  -4.5561000e-01   9.0792000e-01
   3.7056000e-01  -4.5566000e-01   9.0573000e-01
   3.7053000e-01  -4.5573000e-01   9.0357000e-01
   3.7050000e-01  -4.5580000e-01   9.0144000e-01
   3.7046000e-01  -4.5588000e-01   8.9934000e-01
   3.7041000e-01  -4.5597000e-01   8.9728000e-01
   3.7037000e-01  -4.5607000e-01   8.9525000e-01
   3.7031000e-01  -4.5618000e-01   8.9325000e-01
   3.7026000e-01  -4.5630000e-01   8.9129000e-01
   3.7020000e-01  -4.5643000e-01   8.8936000e-01
   3.7014000e-01  -4.5656000e-01   8.8746000e-01
   3.7008000e-01  -4.5671000e-01   8.8560000e-01
   3.7002000e-01  -4.5687000e-01   8.8377000e-01
   3.6997000e-01  -4.5704000e-01   8.8196000e-01
   3.6992000e-01  -4.5723000e-01   8.8018000e-01
   3.6988000e-01  -4.5743000e-01   8.7843000e-01
   3.6986000e-01  -4.5765000e-01   8.7670000e-01
   3.6985000e-01  -4.5789000e-01   8.7500000e-01
   3.6987000e-01  -4.5815000e-01   8.7331000e-01
   3.6990000e-01  -4.5842000e-01   8.7165000e-01
   3.6997000e-01  -4.5872000e-01   8.7000000e-01
   3.7006000e-01  -4.5904000e-01   8.6837000e-01
   3.7018000e-01  -4.5937000e-01   8.6675000e-01
   3.7033000e-01  -4.5973000e-01   8.6514000e-01
   3.7052000e-01  -4.6011000e-01   8.6355000e-01
   3.7073000e-01  -4.6050000e-01   8.6197000e-01
   3.7096000e-01  -4.6090000e-01   8.6041000e-01
   3.7122000e-01  -4.6131000e-01   8.5886000e-01
   3.7149000e-01  -4.6172000e-01   8.5734000e-01
   3.7176000e-01  -4.6213000e-01   8.5583000e-01
   3.7203000e-01  -4.6254000e-01   8.5435000e-01
   3.7229000e-01  -4.6293000e-01   8.5289000e-01
   3.7254000e-01  -4.6331000e-01   8.5146000e-01
   3.7275000e-01  -4.6367000e-01   8.5006000e-01
   3.7294000e-01  -4.6401000e-01   8.4869000e-01
   3.7308000e-01  -4.6432000e-01   8.4736000e-01
   3.7319000e-01  -4.6461000e-01   8.4606000e-01
   3.7325000e-01  -4.6487000e-01   8.4479000e-01
   3.7326000e-01  -4.6510000e-01   8.4356000e-01
   3.7323000e-01  -4.6531000e-01   8.4236000e-01
   3.7316000e-01  -4.6550000e-01   8.4119000e-01
   3.7304000e-01  -4.6566000e-01   8.4005000e-01
   3.7289000e-01  -4.6581000e-01   8.3893000e-01
   3.7270000e-01  -4.6594000e-01   8.3784000e-01
   3.7249000e-01  -4.6605000e-01   8.3677000e-01
   3.7226000e-01  -4.6616000e-01   8.3572000e-01
   3.7201000e-01  -4.6626000e-01   8.3469000e-01
   3.7176000e-01  -4.6636000e-01   8.3367000e-01
   3.7151000e-01  -4.6646000e-01   8.3266000e-01
   3.7126000e-01  -4.6656000e-01   8.3166000e-01
   3.7103000e-01  -4.6667000e-01   8.3068000e-01
   3.7081000e-01  -4.6678000e-01   8.2970000e-01
   3.7061000e-01  -4.6691000e-01   8.2873000e-01
   3.7043000e-01  -4.6704000e-01   8.2778000e-01
   3.7027000e-01  -4.6717000e-01   8.2684000e-01
   3.7013000e-01  -4.6732000e-01   8.2591000e-01
   3.7002000e-01  -4.6748000e-01   8.2500000e-01
   3.6993000e-01  -4.6764000e-01   8.2412000e-01
   3.6985000e-01  -4.6781000e-01   8.2325000e-01
   3.6980000e-01  -4.6799000e-01   8.2240000e-01
   3.6976000e-01  -4.6818000e-01   8.2159000e-01
   3.6973000e-01  -4.6837000e-01   8.2079000e-01
   3.6971000e-01  -4.6856000e-01   8.2003000e-01
   3.6969000e-01  -4.6876000e-01   8.1929000e-01
   3.6968000e-01  -4.6895000e-01   8.1858000e-01
   3.6966000e-01  -4.6915000e-01   8.1790000e-01
   3.6965000e-01  -4.6935000e-01   8.1724000e-01
   3.6962000e-01  -4.6955000e-01   8.1661000e-01
   3.6960000e-01  -4.6975000e-01   8.1599000e-01
   3.6957000e-01  -4.6994000e-01   8.1540000e-01
   3.6953000e-01  -4.7013000e-01   8.1482000e-01
   3.6949000e-01  -4.7031000e-01   8.1426000e-01
   3.6944000e-01  -4.7049000e-01   8.1371000e-01
   3.6939000e-01  -4.7066000e-01   8.1317000e-01
   3.6933000e-01  -4.7082000e-01   8.1264000e-01
   3.6927000e-01  -4.7098000e-01   8.1212000e-01
   3.6920000e-01  -4.7112000e-01   8.1160000e-01
   3.6913000e-01  -4.7126000e-01   8.1110000e-01
   3.6906000e-01  -4.7139000e-01   8.1060000e-01
   3.6899000e-01  -4.7151000e-01   8.1012000e-01
   3.6891000e-01  -4.7162000e-01   8.0965000e-01
   3.6883000e-01  -4.7173000e-01   8.0920000e-01
   3.6874000e-01  -4.7182000e-01   8.0876000e-01
   3.6866000e-01  -4.7190000e-01   8.0835000e-01
   3.6857000e-01  -4.7198000e-01   8.0796000e-01
   3.6848000e-01  -4.7204000e-01   8.0759000e-01
   3.6838000e-01  -4.7210000e-01   8.0724000e-01
   3.6829000e-01  -4.7214000e-01   8.0692000e-01
   3.6819000e-01  -4.7218000e-01   8.0663000e-01
   3.6809000e-01  -4.7221000e-01   8.0636000e-01
   3.6799000e-01  -4.7223000e-01   8.0612000e-01
   3.6790000e-01  -4.7224000e-01   8.0590000e-01
   3.6780000e-01  -4.7224000e-01   8.0570000e-01
   3.6770000e-01  -4.7224000e-01   8.0553000e-01
   3.6760000e-01  -4.7223000e-01   8.0537000e-01
   3.6751000e-01  -4.7220000e-01   8.0524000e-01
   3.6741000e-01  -4.7217000e-01   8.0513000e-01
   3.6732000e-01  -4.7213000e-01   8.0503000e-01
   3.6722000e-01  -4.7208000e-01   8.0494000e-01
   3.6713000e-01  -4.7202000e-01   8.0487000e-01
   3.6703000e-01  -4.7195000e-01   8.0481000e-01
   3.6693000e-01  -4.7187000e-01   8.0477000e-01
   3.6684000e-01  -4.7178000e-01   8.0473000e-01
   3.6674000e-01  -4.7168000e-01   8.0471000e-01
   3.6665000e-01  -4.7157000e-01   8.0470000e-01
   3.6655000e-01  -4.7145000e-01   8.0470000e-01
   3.6646000e-01  -4.7132000e-01   8.0471000e-01
   3.6637000e-01  -4.7119000e-01   8.0472000e-01
   3.6628000e-01  -4.7104000e-01   8.0475000e-01
   3.6619000e-01  -4.7089000e-01   8.0479000e-01
   3.6611000e-01  -4.7074000e-01   8.0485000e-01
   3.6602000e-01  -4.7057000e-01   8.0491000e-01
   3.6594000e-01  -4.7040000e-01   8.0498000e-01
   3.6587000e-01  -4.7023000e-01   8.0507000e-01
   3.6579000e-01  -4.7005000e-01   8.0517000e-01
   3.6572000e-01  -4.6987000e-01   8.0529000e-01
   3.6565000e-01  -4.6969000e-01   8.0541000e-01
   3.6558000e-01  -4.6950000e-01   8.0556000e-01
   3.6550000e-01  -4.6931000e-01   8.0571000e-01
   3.6542000e-01  -4.6911000e-01   8.0588000e-01
   3.6533000e-01  -4.6892000e-01   8.0607000e-01
   3.6524000e-01  -4.6872000e-01   8.0627000e-01
   3.6513000e-01  -4.6852000e-01   8.0648000e-01
   3.6501000e-01  -4.6832000e-01   8.0671000e-01
   3.6487000e-01  -4.6811000e-01   8.0696000e-01
   3.6472000e-01  -4.6791000e-01   8.0722000e-01
   3.6455000e-01  -4.6770000e-01   8.0749000e-01
   3.6436000e-01  -4.6748000e-01   8.0778000e-01
   3.6416000e-01  -4.6727000e-01   8.0807000e-01
   3.6395000e-01  -4.6705000e-01   8.0838000e-01
   3.6372000e-01  -4.6683000e-01   8.0870000e-01
   3.6348000e-01  -4.6661000e-01   8.0903000e-01
   3.6323000e-01  -4.6638000e-01   8.0936000e-01
   3.6298000e-01  -4.6615000e-01   8.0971000e-01
   3.6274000e-01  -4.6592000e-01   8.1006000e-01
   3.6249000e-01  -4.6568000e-01   8.1041000e-01
   3.6225000e-01  -4.6544000e-01   8.1078000e-01
   3.6201000e-01  -4.6521000e-01   8.1115000e-01
   3.6179000e-01  -4.6497000e-01   8.1152000e-01
   3.6158000e-01  -4.6473000e-01   8.1191000e-01
   3.6139000e-01  -4.6449000e-01   8.1230000e-01
   3.6121000e-01  -4.6426000e-01   8.1269000e-01
   3.6106000e-01  -4.6404000e-01   8.1309000e-01
   3.6092000e-01  -4.6381000e-01   8.1350000e-01
   3.6080000e-01  -4.6360000e-01   8.1391000e-01
   3.6071000e-01  -4.6339000e-01   8.1432000e-01
   3.6064000e-01  -4.6320000e-01   8.1473000e-01
   3.6060000e-01  -4.6301000e-01   8.1514000e-01
   3.6057000e-01  -4.6284000e-01   8.1555000e-01
   3.6057000e-01  -4.6267000e-01   8.1596000e-01
   3.6060000e-01  -4.6252000e-01   8.1636000e-01
   3.6064000e-01  -4.6238000e-01   8.1675000e-01
   3.6071000e-01  -4.6225000e-01   8.1714000e-01
   3.6079000e-01  -4.6214000e-01   8.1752000e-01
   3.6089000e-01  -4.6203000e-01   8.1790000e-01
   3.6100000e-01  -4.6194000e-01   8.1826000e-01
