  -6.8219000e-01  -1.4322000e-01   1.6970000e+00
  -6.8142000e-01  -1.4312000e-01   1.6967400e+00
  -6.8063000e-01  -1.4302000e-01   1.6964600e+00
  -6.7981000e-01  -1.4291000e-01   1.6961700e+00
  -6.7897000e-01  -1.4280000e-01   1.6958600e+00
  -6.7809000e-01  -1.4268000e-01   1.6955300e+00
  -6.7719000e-01  -1.4256000e-01   1.6951900e+00
  -6.7627000e-01  -1.4243000e-01   1.6948400e+00
  -6.7533000e-01  -1.4230000e-01   1.6944900e+00
  -6.7436000e-01  -1.4216000e-01   1.6941200e+00
  -6.7337000e-01  -1.4202000e-01   1.6937600e+00
  -6.7236000e-01  -1.4188000e-01   1.6933900e+00
  -6.7134000e-01  -1.4173000e-01   1.6930300e+00
  -6.7029000e-01  -1.4158000e-01   1.6926600e+00
  -6.6922000e-01  -1.4143000e-01   1.6923000e+00
  -6.6812000e-01  -1.4127000e-01   1.6919300e+00
  -6.6701000e-01  -1.4112000e-01   1.6915700e+00
  -6.6587000e-01  -1.4095000e-01   1.6912000e+00
  -6.6470000e-01  -1.4079000e-01   1.6908400e+00
  -6.6351000e-01  -1.4062000e-01   1.6904700e+00
  -6.6229000e-01  -1.4044000e-01   1.6901000e+00
  -6.6103000e-01  -1.4026000e-01   1.6897200e+00
  -6.5975000e-01  -1.4007000e-01   1.6893400e+00
  -6.5843000e-01  -1.3988000e-01   1.6889500e+00
  -6.5708000e-01  -1.3968000e-01   1.6885500e+00
  -6.5569000e-01  -1.3947000e-01   1.6881500e+00
  -6.5427000e-01  -1.3925000e-01   1.6877300e+00
  -6.5281000e-01  -1.3903000e-01   1.6873100e+00
  -6.5132000e-01  -1.3879000e-01   1.6868700e+00
  -6.4978000e-01  -1.3855000e-01   1.6864200e+00
  -6.4821000e-01  -1.3830000e-01   1.6859500e+00
  -6.4661000e-01  -1.3804000e-01   1.6854600e+00
  -6.4496000e-01  -1.3777000e-01   1.6849700e+00
  -6.4328000e-01  -1.3748000e-01   1.6844500e+00
  -6.4156000e-01  -1.3719000e-01   1.6839200e+00
  -6.3981000e-01  -1.3689000e-01   1.6833600e+00
  -6.3802000e-01  -1.3659000e-01   1.6828000e+00
  -6.3619000e-01  -1.3627000e-01   1.6822100e+00
  -6.3432000e-01  -1.3594000e-01   1.6816100e+00
  -6.3242000e-01  -1.3561000e-01   1.6809800e+00
  -6.3048000e-01  -1.3527000e-01   1.6803500e+00
  -6.2850000e-01  -1.3492000e-01   1.6797000e+00
  -6.2648000e-01  -1.3456000e-01   1.6790300e+00
  -6.2442000e-01  -1.3419000e-01   1.6783500e+00
  -6.2233000e-01  -1.3382000e-01   1.6776500e+00
  -6.2019000e-01  -1.3344000e-01   1.6769300e+00
  -6.1802000e-01  -1.3305000e-01   1.6762000e+00
  -6.1580000e-01  -1.3265000e-01   1.6754500e+00
  -6.1354000e-01  -1.3224000e-01   1.6746800e+00
  -6.1124000e-01  -1.3182000e-01   1.6738700e+00
  -6.0889000e-01  -1.3139000e-01   1.6730400e+00
  -6.0649000e-01  -1.3095000e-01   1.6721800e+00
  -6.0404000e-01  -1.3049000e-01   1.6712800e+00
  -6.0154000e-01  -1.3002000e-01   1.6703300e+00
  -5.9898000e-01  -1.2954000e-01   1.6693500e+00
  -5.9637000e-01  -1.2904000e-01   1.6683200e+00
  -5.9371000e-01  -1.2853000e-01   1.6672400e+00
  -5.9099000e-01  -1.2801000e-01   1.6661100e+00
  -5.8822000e-01  -1.2747000e-01   1.6649400e+00
  -5.8540000e-01  -1.2693000e-01   1.6637200e+00
  -5.8252000e-01  -1.2637000e-01   1.6624500e+00
  -5.7960000e-01  -1.2580000e-01   1.6611400e+00
  -5.7662000e-01  -1.2522000e-01   1.6597800e+00
  -5.7360000e-01  -1.2464000e-01   1.6583800e+00
  -5.7053000e-01  -1.2404000e-01   1.6569300e+00
  -5.6741000e-01  -1.2344000e-01   1.6554500e+00
  -5.6426000e-01  -1.2283000e-01   1.6539400e+00
  -5.6106000e-01  -1.2222000e-01   1.6523900e+00
  -5.5783000e-01  -1.2160000e-01   1.6508100e+00
  -5.5456000e-01  -1.2098000e-01   1.6492100e+00
  -5.5126000e-01  -1.2036000e-01   1.6475800e+00
  -5.4793000e-01  -1.1973000e-01   1.6459300e+00
  -5.4457000e-01  -1.1910000e-01   1.6442700e+00
  -5.4119000e-01  -1.1847000e-01   1.6425900e+00
  -5.3778000e-01  -1.1785000e-01   1.6409000e+00
  -5.3436000e-01  -1.1722000e-01   1.6392000e+00
  -5.3092000e-01  -1.1659000e-01   1.6375000e+00
  -5.2746000e-01  -1.1595000e-01   1.6357800e+00
  -5.2399000e-01  -1.1532000e-01   1.6340400e+00
  -5.2049000e-01  -1.1468000e-01   1.6323000e+00
  -5.1698000e-01  -1.1404000e-01   1.6305300e+00
  -5.1345000e-01  -1.1340000e-01   1.6287400e+00
  -5.0990000e-01  -1.1275000e-01   1.6269200e+00
  -5.0633000e-01  -1.1209000e-01   1.6250700e+00
  -5.0273000e-01  -1.1143000e-01   1.6231900e+00
  -4.9912000e-01  -1.1077000e-01   1.6212800e+00
  -4.9549000e-01  -1.1010000e-01   1.6193400e+00
  -4.9184000e-01  -1.0943000e-01   1.6173700e+00
  -4.8818000e-01  -1.0876000e-01   1.6153700e+00
  -4.8452000e-01  -1.0809000e-01   1.6133400e+00
  -4.8084000e-01  -1.0742000e-01   1.6113000e+00
  -4.7716000e-01  -1.0676000e-01   1.6092400e+00
  -4.7348000e-01  -1.0610000e-01   1.6071700e+00
  -4.6980000e-01  -1.0544000e-01   1.6050900e+00
  -4.6612000e-01  -1.0479000e-01   1.6030100e+00
  -4.6245000e-01  -1.0414000e-01   1.6009300e+00
  -4.5879000e-01  -1.0350000e-01   1.5988500e+00
  -4.5514000e-01  -1.0287000e-01   1.5967800e+00
  -4.5150000e-01  -1.0225000e-01   1.5947200e+00
  -4.4787000e-01  -1.0164000e-01   1.5926600e+00
  -4.4424000e-01  -1.0103000e-01   1.5906100e+00
  -4.4063000e-01  -1.0044000e-01   1.5885600e+00
  -4.3702000e-01  -9.9860000e-02   1.5865300e+00
  -4.3341000e-01  -9.9280000e-02   1.5844900e+00
  -4.2981000e-01  -9.8720000e-02   1.5824600e+00
  -4.2622000e-01  -9.8160000e-02   1.5804300e+00
  -4.2262000e-01  -9.7610000e-02   1.5784000e+00
  -4.1902000e-01  -9.7060000e-02   1.5763700e+00
  -4.1542000e-01  -9.6520000e-02   1.5743300e+00
  -4.1181000e-01  -9.5990000e-02   1.5723000e+00
  -4.0820000e-01  -9.5460000e-02   1.5702500e+00
  -4.0457000e-01  -9.4930000e-02   1.5682100e+00
  -4.0094000e-01  -9.4410000e-02   1.5661700e+00
  -3.9729000e-01  -9.3900000e-02   1.5641400e+00
  -3.9364000e-01  -9.3390000e-02   1.5621100e+00
  -3.8997000e-01  -9.2880000e-02   1.5601000e+00
  -3.8630000e-01  -9.2380000e-02   1.5581100e+00
  -3.8262000e-01  -9.1890000e-02   1.5561500e+00
  -3.7893000e-01  -9.1410000e-02   1.5542200e+00
  -3.7524000e-01  -9.0930000e-02   1.5523300e+00
  -3.7155000e-01  -9.0470000e-02   1.5504900e+00
  -3.6786000e-01  -9.0010000e-02   1.5486900e+00
  -3.6418000e-01  -8.9560000e-02   1.5469400e+00
  -3.6050000e-01  -8.9120000e-02   1.5452400e+00
  -3.5684000e-01  -8.8690000e-02   1.5435900e+00
  -3.5319000e-01  -8.8280000e-02   1.5419900e+00
  -3.4955000e-01  -8.7870000e-02   1.5404300e+00
  -3.4593000e-01  -8.7480000e-02   1.5389200e+00
  -3.4233000e-01  -8.7090000e-02   1.5374300e+00
  -3.3873000e-01  -8.6720000e-02   1.5359700e+00
  -3.3515000e-01  -8.6340000e-02   1.5345300e+00
  -3.3158000e-01  -8.5970000e-02   1.5331000e+00
  -3.2802000e-01  -8.5600000e-02   1.5316700e+00
  -3.2446000e-01  -8.5230000e-02   1.5302300e+00
  -3.2091000e-01  -8.4860000e-02   1.5287700e+00
  -3.1736000e-01  -8.4480000e-02   1.5273000e+00
  -3.1381000e-01  -8.4100000e-02   1.5257900e+00
  -3.1027000e-01  -8.3710000e-02   1.5242600e+00
  -3.0672000e-01  -8.3300000e-02   1.5226800e+00
  -3.0318000e-01  -8.2890000e-02   1.5210500e+00
  -2.9963000e-01  -8.2470000e-02   1.5193800e+00
  -2.9609000e-01  -8.2040000e-02   1.5176500e+00
  -2.9255000e-01  -8.1600000e-02   1.5158600e+00
  -2.8901000e-01  -8.1140000e-02   1.5140100e+00
  -2.8548000e-01  -8.0680000e-02   1.5121000e+00
  -2.8194000e-01  -8.0200000e-02   1.5101100e+00
  -2.7841000e-01  -7.9710000e-02   1.5080700e+00
  -2.7489000e-01  -7.9210000e-02   1.5059500e+00
  -2.7136000e-01  -7.8700000e-02   1.5037600e+00
  -2.6784000e-01  -7.8180000e-02   1.5015100e+00
  -2.6433000e-01  -7.7660000e-02   1.4992000e+00
  -2.6083000e-01  -7.7120000e-02   1.4968400e+00
  -2.5735000e-01  -7.6590000e-02   1.4944300e+00
  -2.5387000e-01  -7.6050000e-02   1.4919800e+00
  -2.5042000e-01  -7.5500000e-02   1.4895000e+00
  -2.4699000e-01  -7.4960000e-02   1.4869900e+00
  -2.4359000e-01  -7.4420000e-02   1.4844600e+00
  -2.4021000e-01  -7.3890000e-02   1.4819300e+00
  -2.3687000e-01  -7.3360000e-02   1.4794000e+00
  -2.3355000e-01  -7.2830000e-02   1.4768700e+00
  -2.3028000e-01  -7.2320000e-02   1.4743500e+00
  -2.2703000e-01  -7.1810000e-02   1.4718400e+00
  -2.2382000e-01  -7.1310000e-02   1.4693500e+00
  -2.2064000e-01  -7.0820000e-02   1.4668800e+00
  -2.1749000e-01  -7.0330000e-02   1.4644200e+00
  -2.1438000e-01  -6.9860000e-02   1.4619800e+00
  -2.1130000e-01  -6.9390000e-02   1.4595500e+00
  -2.0825000e-01  -6.8940000e-02   1.4571300e+00
  -2.0523000e-01  -6.8480000e-02   1.4547100e+00
  -2.0223000e-01  -6.8040000e-02   1.4522900e+00
  -1.9926000e-01  -6.7600000e-02   1.4498700e+00
  -1.9632000e-01  -6.7160000e-02   1.4474300e+00
  -1.9339000e-01  -6.6730000e-02   1.4449700e+00
  -1.9049000e-01  -6.6310000e-02   1.4424800e+00
  -1.8760000e-01  -6.5880000e-02   1.4399700e+00
  -1.8472000e-01  -6.5470000e-02   1.4374100e+00
  -1.8186000e-01  -6.5050000e-02   1.4348100e+00
  -1.7901000e-01  -6.4640000e-02   1.4321700e+00
  -1.7616000e-01  -6.4240000e-02   1.4294700e+00
  -1.7332000e-01  -6.3840000e-02   1.4267200e+00
  -1.7049000e-01  -6.3450000e-02   1.4239100e+00
  -1.6766000e-01  -6.3060000e-02   1.4210500e+00
  -1.6483000e-01  -6.2680000e-02   1.4181200e+00
  -1.6201000e-01  -6.2310000e-02   1.4151400e+00
  -1.5919000e-01  -6.1950000e-02   1.4121000e+00
  -1.5637000e-01  -6.1590000e-02   1.4090000e+00
  -1.5356000e-01  -6.1240000e-02   1.4058600e+00
  -1.5076000e-01  -6.0900000e-02   1.4026600e+00
  -1.4797000e-01  -6.0570000e-02   1.3994300e+00
  -1.4518000e-01  -6.0250000e-02   1.3961600e+00
  -1.4242000e-01  -5.9940000e-02   1.3928700e+00
  -1.3967000e-01  -5.9650000e-02   1.3895600e+00
  -1.3694000e-01  -5.9360000e-02   1.3862400e+00
  -1.3423000e-01  -5.9090000e-02   1.3829200e+00
  -1.3155000e-01  -5.8840000e-02   1.3796000e+00
  -1.2890000e-01  -5.8590000e-02   1.3762900e+00
  -1.2628000e-01  -5.8370000e-02   1.3729900e+00
  -1.2369000e-01  -5.8150000e-02   1.3697100e+00
  -1.2114000e-01  -5.7960000e-02   1.3664600e+00
  -1.1861000e-01  -5.7780000e-02   1.3632300e+00
  -1.1613000e-01  -5.7610000e-02   1.3600200e+00
  -1.1367000e-01  -5.7460000e-02   1.3568400e+00
  -1.1125000e-01  -5.7330000e-02   1.3536700e+00
  -1.0887000e-01  -5.7210000e-02   1.3505300e+00
  -1.0652000e-01  -5.7110000e-02   1.3474000e+00
  -1.0420000e-01  -5.7020000e-02   1.3442900e+00
  -1.0191000e-01  -5.6940000e-02   1.3411900e+00
  -9.9660000e-02  -5.6880000e-02   1.3380900e+00
  -9.7440000e-02  -5.6830000e-02   1.3350000e+00
  -9.5250000e-02  -5.6800000e-02   1.3319100e+00
  -9.3090000e-02  -5.6770000e-02   1.3288200e+00
  -9.0960000e-02  -5.6750000e-02   1.3257200e+00
  -8.8860000e-02  -5.6740000e-02   1.3226200e+00
  -8.6800000e-02  -5.6740000e-02   1.3195000e+00
  -8.4760000e-02  -5.6740000e-02   1.3163800e+00
  -8.2750000e-02  -5.6750000e-02   1.3132500e+00
  -8.0770000e-02  -5.6760000e-02   1.3101000e+00
  -7.8820000e-02  -5.6780000e-02   1.3069400e+00
  -7.6900000e-02  -5.6800000e-02   1.3037600e+00
  -7.5000000e-02  -5.6830000e-02   1.3005700e+00
  -7.3130000e-02  -5.6860000e-02   1.2973600e+00
  -7.1280000e-02  -5.6890000e-02   1.2941400e+00
  -6.9460000e-02  -5.6930000e-02   1.2909000e+00
  -6.7660000e-02  -5.6970000e-02   1.2876500e+00
  -6.5890000e-02  -5.7010000e-02   1.2843900e+00
  -6.4140000e-02  -5.7050000e-02   1.2811200e+00
  -6.2420000e-02  -5.7100000e-02   1.2778400e+00
  -6.0720000e-02  -5.7150000e-02   1.2745500e+00
  -5.9050000e-02  -5.7190000e-02   1.2712500e+00
  -5.7410000e-02  -5.7240000e-02   1.2679400e+00
  -5.5790000e-02  -5.7280000e-02   1.2646200e+00
  -5.4200000e-02  -5.7330000e-02   1.2612900e+00
  -5.2640000e-02  -5.7370000e-02   1.2579400e+00
  -5.1110000e-02  -5.7410000e-02   1.2545800e+00
  -4.9600000e-02  -5.7440000e-02   1.2512000e+00
  -4.8120000e-02  -5.7480000e-02   1.2478000e+00
  -4.6670000e-02  -5.7500000e-02   1.2443800e+00
  -4.5240000e-02  -5.7530000e-02   1.2409400e+00
  -4.3840000e-02  -5.7550000e-02   1.2374800e+00
  -4.2470000e-02  -5.7570000e-02   1.2340100e+00
  -4.1130000e-02  -5.7590000e-02   1.2305300e+00
  -3.9810000e-02  -5.7600000e-02   1.2270500e+00
  -3.8530000e-02  -5.7610000e-02   1.2235700e+00
  -3.7280000e-02  -5.7620000e-02   1.2201000e+00
  -3.6070000e-02  -5.7630000e-02   1.2166500e+00
  -3.4890000e-02  -5.7630000e-02   1.2132300e+00
  -3.3750000e-02  -5.7640000e-02   1.2098300e+00
  -3.2660000e-02  -5.7640000e-02   1.2064600e+00
  -3.1600000e-02  -5.7640000e-02   1.2031300e+00
  -3.0580000e-02  -5.7640000e-02   1.1998300e+00
  -2.9600000e-02  -5.7630000e-02   1.1965700e+00
  -2.8650000e-02  -5.7630000e-02   1.1933300e+00
  -2.7740000e-02  -5.7610000e-02   1.1901300e+00
  -2.6860000e-02  -5.7600000e-02   1.1869600e+00
  -2.6010000e-02  -5.7580000e-02   1.1838000e+00
  -2.5190000e-02  -5.7550000e-02   1.1806700e+00
  -2.4400000e-02  -5.7520000e-02   1.1775600e+00
  -2.3650000e-02  -5.7480000e-02   1.1744700e+00
  -2.2920000e-02  -5.7430000e-02   1.1713900e+00
  -2.2230000e-02  -5.7370000e-02   1.1683200e+00
  -2.1570000e-02  -5.7310000e-02   1.1652500e+00
  -2.0930000e-02  -5.7240000e-02   1.1621900e+00
  -2.0330000e-02  -5.7150000e-02   1.1591300e+00
  -1.9750000e-02  -5.7060000e-02   1.1560600e+00
  -1.9200000e-02  -5.6950000e-02   1.1529700e+00
  -1.8680000e-02  -5.6840000e-02   1.1498600e+00
  -1.8180000e-02  -5.6700000e-02   1.1467300e+00
  -1.7700000e-02  -5.6560000e-02   1.1435700e+00
  -1.7250000e-02  -5.6390000e-02   1.1403800e+00
  -1.6810000e-02  -5.6220000e-02   1.1371400e+00
  -1.6390000e-02  -5.6020000e-02   1.1338700e+00
  -1.6000000e-02  -5.5810000e-02   1.1305500e+00
  -1.5620000e-02  -5.5590000e-02   1.1271900e+00
  -1.5270000e-02  -5.5350000e-02   1.1237900e+00
  -1.4930000e-02  -5.5100000e-02   1.1203500e+00
  -1.4610000e-02  -5.4840000e-02   1.1168700e+00
  -1.4310000e-02  -5.4560000e-02   1.1133500e+00
  -1.4030000e-02  -5.4270000e-02   1.1098100e+00
  -1.3770000e-02  -5.3960000e-02   1.1062400e+00
  -1.3530000e-02  -5.3650000e-02   1.1026500e+00
  -1.3310000e-02  -5.3320000e-02   1.0990500e+00
  -1.3110000e-02  -5.2990000e-02   1.0954500e+00
  -1.2930000e-02  -5.2640000e-02   1.0918400e+00
  -1.2770000e-02  -5.2280000e-02   1.0882400e+00
  -1.2640000e-02  -5.1910000e-02   1.0846500e+00
  -1.2520000e-02  -5.1540000e-02   1.0810700e+00
  -1.2420000e-02  -5.1160000e-02   1.0775100e+00
  -1.2340000e-02  -5.0770000e-02   1.0739600e+00
  -1.2290000e-02  -5.0370000e-02   1.0704200e+00
  -1.2250000e-02  -4.9970000e-02   1.0668900e+00
  -1.2220000e-02  -4.9550000e-02   1.0633800e+00
  -1.2220000e-02  -4.9140000e-02   1.0598700e+00
  -1.2230000e-02  -4.8710000e-02   1.0563600e+00
  -1.2250000e-02  -4.8280000e-02   1.0528600e+00
  -1.2280000e-02  -4.7850000e-02   1.0493600e+00
  -1.2330000e-02  -4.7400000e-02   1.0458700e+00
  -1.2380000e-02  -4.6960000e-02   1.0423800e+00
  -1.2450000e-02  -4.6500000e-02   1.0389100e+00
  -1.2530000e-02  -4.6050000e-02   1.0354500e+00
  -1.2630000e-02  -4.5580000e-02   1.0320100e+00
  -1.2730000e-02  -4.5120000e-02   1.0285900e+00
  -1.2850000e-02  -4.4650000e-02   1.0252000e+00
  -1.2980000e-02  -4.4180000e-02   1.0218400e+00
  -1.3120000e-02  -4.3710000e-02   1.0185100e+00
  -1.3280000e-02  -4.3230000e-02   1.0152200e+00
  -1.3440000e-02  -4.2760000e-02   1.0119600e+00
  -1.3620000e-02  -4.2280000e-02   1.0087500e+00
  -1.3810000e-02  -4.1810000e-02   1.0055700e+00
  -1.4000000e-02  -4.1330000e-02   1.0024300e+00
  -1.4200000e-02  -4.0850000e-02   9.9932000e-01
  -1.4410000e-02  -4.0380000e-02   9.9625000e-01
  -1.4620000e-02  -3.9910000e-02   9.9321000e-01
  -1.4840000e-02  -3.9440000e-02   9.9021000e-01
  -1.5060000e-02  -3.8970000e-02   9.8724000e-01
  -1.5290000e-02  -3.8510000e-02   9.8430000e-01
  -1.5520000e-02  -3.8050000e-02   9.8140000e-01
  -1.5760000e-02  -3.7600000e-02   9.7854000e-01
  -1.6010000e-02  -3.7150000e-02   9.7571000e-01
  -1.6260000e-02  -3.6700000e-02   9.7291000e-01
  -1.6520000e-02  -3.6270000e-02   9.7014000e-01
  -1.6780000e-02  -3.5830000e-02   9.6740000e-01
  -1.7050000e-02  -3.5400000e-02   9.6469000e-01
  -1.7320000e-02  -3.4980000e-02   9.6200000e-01
  -1.7600000e-02  -3.4560000e-02   9.5934000e-01
  -1.7880000e-02  -3.4140000e-02   9.5671000e-01
  -1.8160000e-02  -3.3730000e-02   9.5409000e-01
  -1.8460000e-02  -3.3330000e-02   9.5150000e-01
  -1.8750000e-02  -3.2930000e-02   9.4894000e-01
  -1.9050000e-02  -3.2540000e-02   9.4639000e-01
  -1.9360000e-02  -3.2150000e-02   9.4387000e-01
  -1.9670000e-02  -3.1770000e-02   9.4138000e-01
  -1.9980000e-02  -3.1400000e-02   9.3891000e-01
  -2.0300000e-02  -3.1030000e-02   9.3647000e-01
  -2.0620000e-02  -3.0660000e-02   9.3406000e-01
  -2.0940000e-02  -3.0300000e-02   9.3168000e-01
  -2.1270000e-02  -2.9940000e-02   9.2934000e-01
  -2.1600000e-02  -2.9580000e-02   9.2704000e-01
  -2.1940000e-02  -2.9230000e-02   9.2478000e-01
  -2.2280000e-02  -2.8880000e-02   9.2257000e-01
  -2.2630000e-02  -2.8530000e-02   9.2040000e-01
  -2.2980000e-02  -2.8180000e-02   9.1828000e-01
  -2.3330000e-02  -2.7840000e-02   9.1621000e-01
  -2.3700000e-02  -2.7490000e-02   9.1419000e-01
  -2.4070000e-02  -2.7150000e-02   9.1221000e-01
  -2.4440000e-02  -2.6800000e-02   9.1028000e-01
  -2.4820000e-02  -2.6460000e-02   9.0838000e-01
  -2.5210000e-02  -2.6120000e-02   9.0653000e-01
  -2.5600000e-02  -2.5770000e-02   9.0470000e-01
  -2.6000000e-02  -2.5430000e-02   9.0290000e-01
  -2.6400000e-02  -2.5100000e-02   9.0111000e-01
  -2.6800000e-02  -2.4770000e-02   8.9934000e-01
  -2.7210000e-02  -2.4440000e-02   8.9758000e-01
  -2.7620000e-02  -2.4120000e-02   8.9583000e-01
  -2.8040000e-02  -2.3810000e-02   8.9408000e-01
  -2.8460000e-02  -2.3500000e-02   8.9232000e-01
  -2.8880000e-02  -2.3200000e-02   8.9057000e-01
  -2.9300000e-02  -2.2910000e-02   8.8882000e-01
  -2.9730000e-02  -2.2630000e-02   8.8708000e-01
  -3.0160000e-02  -2.2360000e-02   8.8534000e-01
  -3.0580000e-02  -2.2100000e-02   8.8361000e-01
  -3.1010000e-02  -2.1840000e-02   8.8190000e-01
  -3.1430000e-02  -2.1590000e-02   8.8020000e-01
  -3.1860000e-02  -2.1340000e-02   8.7853000e-01
  -3.2270000e-02  -2.1110000e-02   8.7688000e-01
  -3.2680000e-02  -2.0870000e-02   8.7526000e-01
  -3.3080000e-02  -2.0640000e-02   8.7368000e-01
  -3.3480000e-02  -2.0420000e-02   8.7214000e-01
  -3.3860000e-02  -2.0200000e-02   8.7065000e-01
  -3.4240000e-02  -1.9980000e-02   8.6922000e-01
  -3.4610000e-02  -1.9760000e-02   8.6784000e-01
  -3.4980000e-02  -1.9550000e-02   8.6652000e-01
  -3.5340000e-02  -1.9330000e-02   8.6527000e-01
  -3.5690000e-02  -1.9120000e-02   8.6409000e-01
  -3.6030000e-02  -1.8900000e-02   8.6297000e-01
  -3.6370000e-02  -1.8690000e-02   8.6192000e-01
  -3.6700000e-02  -1.8470000e-02   8.6094000e-01
  -3.7020000e-02  -1.8250000e-02   8.6003000e-01
  -3.7340000e-02  -1.8040000e-02   8.5917000e-01
  -3.7650000e-02  -1.7820000e-02   8.5837000e-01
  -3.7950000e-02  -1.7600000e-02   8.5762000e-01
  -3.8250000e-02  -1.7390000e-02   8.5692000e-01
  -3.8550000e-02  -1.7170000e-02   8.5625000e-01
  -3.8840000e-02  -1.6960000e-02   8.5561000e-01
  -3.9130000e-02  -1.6760000e-02   8.5500000e-01
  -3.9420000e-02  -1.6550000e-02   8.5442000e-01
  -3.9710000e-02  -1.6350000e-02   8.5385000e-01
  -4.0000000e-02  -1.6150000e-02   8.5330000e-01
  -4.0290000e-02  -1.5960000e-02   8.5276000e-01
  -4.0580000e-02  -1.5770000e-02   8.5223000e-01
  -4.0870000e-02  -1.5580000e-02   8.5172000e-01
  -4.1150000e-02  -1.5400000e-02   8.5122000e-01
  -4.1440000e-02  -1.5220000e-02   8.5074000e-01
  -4.1720000e-02  -1.5040000e-02   8.5028000e-01
  -4.1990000e-02  -1.4870000e-02   8.4985000e-01
  -4.2270000e-02  -1.4700000e-02   8.4943000e-01
  -4.2540000e-02  -1.4540000e-02   8.4905000e-01
  -4.2810000e-02  -1.4380000e-02   8.4870000e-01
  -4.3070000e-02  -1.4220000e-02   8.4838000e-01
  -4.3340000e-02  -1.4070000e-02   8.4809000e-01
  -4.3590000e-02  -1.3920000e-02   8.4783000e-01
  -4.3850000e-02  -1.3780000e-02   8.4761000e-01
  -4.4100000e-02  -1.3650000e-02   8.4741000e-01
  -4.4350000e-02  -1.3520000e-02   8.4724000e-01
  -4.4590000e-02  -1.3400000e-02   8.4710000e-01
  -4.4830000e-02  -1.3280000e-02   8.4697000e-01
  -4.5060000e-02  -1.3180000e-02   8.4687000e-01
  -4.5280000e-02  -1.3080000e-02   8.4677000e-01
  -4.5500000e-02  -1.2990000e-02   8.4669000e-01
  -4.5710000e-02  -1.2910000e-02   8.4661000e-01
  -4.5910000e-02  -1.2840000e-02   8.4654000e-01
  -4.6100000e-02  -1.2780000e-02   8.4646000e-01
  -4.6290000e-02  -1.2730000e-02   8.4639000e-01
  -4.6460000e-02  -1.2690000e-02   8.4632000e-01
  -4.6630000e-02  -1.2660000e-02   8.4624000e-01
  -4.6790000e-02  -1.2630000e-02   8.4617000e-01
  -4.6950000e-02  -1.2620000e-02   8.4611000e-01
  -4.7090000e-02  -1.2620000e-02   8.4606000e-01
  -4.7230000e-02  -1.2620000e-02   8.4602000e-01
  -4.7360000e-02  -1.2630000e-02   8.4601000e-01
  -4.7480000e-02  -1.2650000e-02   8.4603000e-01
  -4.7590000e-02  -1.2680000e-02   8.4608000e-01
  -4.7690000e-02  -1.2720000e-02   8.4618000e-01
  -4.7770000e-02  -1.2760000e-02   8.4633000e-01
  -4.7840000e-02  -1.2800000e-02   8.4654000e-01
  -4.7900000e-02  -1.2850000e-02   8.4682000e-01
  -4.7930000e-02  -1.2910000e-02   8.4716000e-01
  -4.7960000e-02  -1.2960000e-02   8.4757000e-01
  -4.7960000e-02  -1.3020000e-02   8.4806000e-01
  -4.7950000e-02  -1.3080000e-02   8.4862000e-01
  -4.7920000e-02  -1.3130000e-02   8.4925000e-01
  -4.7870000e-02  -1.3190000e-02   8.4995000e-01
  -4.7810000e-02  -1.3250000e-02   8.5072000e-01
  -4.7730000e-02  -1.3310000e-02   8.5154000e-01
  -4.7640000e-02  -1.3370000e-02   8.5242000e-01
  -4.7530000e-02  -1.3430000e-02   8.5334000e-01
  -4.7420000e-02  -1.3490000e-02   8.5430000e-01
  -4.7290000e-02  -1.3560000e-02   8.5529000e-01
  -4.7150000e-02  -1.3630000e-02   8.5629000e-01
  -4.7000000e-02  -1.3710000e-02   8.5729000e-01
  -4.6850000e-02  -1.3800000e-02   8.5830000e-01
  -4.6680000e-02  -1.3890000e-02   8.5929000e-01
  -4.6510000e-02  -1.3990000e-02   8.6026000e-01
  -4.6330000e-02  -1.4100000e-02   8.6121000e-01
  -4.6140000e-02  -1.4220000e-02   8.6213000e-01
  -4.5950000e-02  -1.4350000e-02   8.6302000e-01
  -4.5740000e-02  -1.4480000e-02   8.6388000e-01
  -4.5530000e-02  -1.4630000e-02   8.6472000e-01
  -4.5320000e-02  -1.4780000e-02   8.6553000e-01
  -4.5090000e-02  -1.4940000e-02   8.6631000e-01
  -4.4860000e-02  -1.5100000e-02   8.6709000e-01
  -4.4620000e-02  -1.5270000e-02   8.6785000e-01
  -4.4370000e-02  -1.5450000e-02   8.6861000e-01
  -4.4120000e-02  -1.5630000e-02   8.6938000e-01
  -4.3860000e-02  -1.5810000e-02   8.7015000e-01
  -4.3590000e-02  -1.6000000e-02   8.7093000e-01
  -4.3330000e-02  -1.6190000e-02   8.7173000e-01
  -4.3050000e-02  -1.6380000e-02   8.7255000e-01
  -4.2780000e-02  -1.6570000e-02   8.7339000e-01
  -4.2500000e-02  -1.6770000e-02   8.7425000e-01
  -4.2230000e-02  -1.6960000e-02   8.7512000e-01
  -4.1950000e-02  -1.7160000e-02   8.7602000e-01
  -4.1680000e-02  -1.7360000e-02   8.7693000e-01
  -4.1400000e-02  -1.7570000e-02   8.7786000e-01
  -4.1130000e-02  -1.7780000e-02   8.7879000e-01
  -4.0860000e-02  -1.7990000e-02   8.7973000e-01
