  -8.0897000e-01  -5.9306000e-01   9.2578000e-01
  -8.0761000e-01  -5.9339000e-01   9.2821000e-01
  -8.0625000e-01  -5.9371000e-01   9.3072000e-01
  -8.0489000e-01  -5.9403000e-01   9.3329000e-01
  -8.0351000e-01  -5.9436000e-01   9.3591000e-01
  -8.0213000e-01  -5.9469000e-01   9.3860000e-01
  -8.0073000e-01  -5.9502000e-01   9.4134000e-01
  -7.9933000e-01  -5.9536000e-01   9.4414000e-01
  -7.9791000e-01  -5.9570000e-01   9.4698000e-01
  -7.9647000e-01  -5.9604000e-01   9.4987000e-01
  -7.9502000e-01  -5.9640000e-01   9.5281000e-01
  -7.9355000e-01  -5.9676000e-01   9.5578000e-01
  -7.9205000e-01  -5.9712000e-01   9.5880000e-01
  -7.9054000e-01  -5.9750000e-01   9.6184000e-01
  -7.8900000e-01  -5.9789000e-01   9.6492000e-01
  -7.8743000e-01  -5.9830000e-01   9.6803000e-01
  -7.8583000e-01  -5.9872000e-01   9.7115000e-01
  -7.8419000e-01  -5.9915000e-01   9.7430000e-01
  -7.8252000e-01  -5.9961000e-01   9.7745000e-01
  -7.8081000e-01  -6.0008000e-01   9.8062000e-01
  -7.7905000e-01  -6.0057000e-01   9.8379000e-01
  -7.7725000e-01  -6.0108000e-01   9.8696000e-01
  -7.7539000e-01  -6.0161000e-01   9.9012000e-01
  -7.7349000e-01  -6.0216000e-01   9.9328000e-01
  -7.7153000e-01  -6.0272000e-01   9.9642000e-01
  -7.6952000e-01  -6.0331000e-01   9.9956000e-01
  -7.6745000e-01  -6.0392000e-01   1.0026800e+00
  -7.6533000e-01  -6.0454000e-01   1.0057800e+00
  -7.6315000e-01  -6.0519000e-01   1.0088700e+00
  -7.6092000e-01  -6.0585000e-01   1.0119500e+00
  -7.5863000e-01  -6.0652000e-01   1.0150100e+00
  -7.5629000e-01  -6.0722000e-01   1.0180600e+00
  -7.5390000e-01  -6.0793000e-01   1.0211000e+00
  -7.5145000e-01  -6.0867000e-01   1.0241200e+00
  -7.4896000e-01  -6.0942000e-01   1.0271400e+00
  -7.4641000e-01  -6.1018000e-01   1.0301500e+00
  -7.4382000e-01  -6.1097000e-01   1.0331500e+00
  -7.4118000e-01  -6.1178000e-01   1.0361400e+00
  -7.3850000e-01  -6.1262000e-01   1.0391300e+00
  -7.3578000e-01  -6.1347000e-01   1.0421100e+00
  -7.3301000e-01  -6.1435000e-01   1.0451000e+00
  -7.3021000e-01  -6.1526000e-01   1.0480800e+00
  -7.2736000e-01  -6.1619000e-01   1.0510600e+00
  -7.2448000e-01  -6.1715000e-01   1.0540500e+00
  -7.2156000e-01  -6.1814000e-01   1.0570400e+00
  -7.1861000e-01  -6.1916000e-01   1.0600300e+00
  -7.1562000e-01  -6.2021000e-01   1.0630400e+00
  -7.1260000e-01  -6.2129000e-01   1.0660500e+00
  -7.0955000e-01  -6.2240000e-01   1.0690700e+00
  -7.0647000e-01  -6.2354000e-01   1.0721100e+00
  -7.0336000e-01  -6.2471000e-01   1.0751600e+00
  -7.0021000e-01  -6.2591000e-01   1.0782300e+00
  -6.9704000e-01  -6.2714000e-01   1.0813100e+00
  -6.9384000e-01  -6.2839000e-01   1.0844100e+00
  -6.9060000e-01  -6.2966000e-01   1.0875300e+00
  -6.8733000e-01  -6.3095000e-01   1.0906700e+00
  -6.8403000e-01  -6.3226000e-01   1.0938300e+00
  -6.8070000e-01  -6.3359000e-01   1.0970100e+00
  -6.7733000e-01  -6.3492000e-01   1.1002100e+00
  -6.7392000e-01  -6.3627000e-01   1.1034200e+00
  -6.7048000e-01  -6.3762000e-01   1.1066600e+00
  -6.6700000e-01  -6.3897000e-01   1.1099100e+00
  -6.6347000e-01  -6.4032000e-01   1.1131800e+00
  -6.5991000e-01  -6.4167000e-01   1.1164600e+00
  -6.5630000e-01  -6.4301000e-01   1.1197600e+00
  -6.5265000e-01  -6.4434000e-01   1.1230700e+00
  -6.4896000e-01  -6.4567000e-01   1.1263900e+00
  -6.4522000e-01  -6.4698000e-01   1.1297300e+00
  -6.4144000e-01  -6.4827000e-01   1.1330900e+00
  -6.3762000e-01  -6.4956000e-01   1.1364600e+00
  -6.3375000e-01  -6.5082000e-01   1.1398500e+00
  -6.2984000e-01  -6.5207000e-01   1.1432500e+00
  -6.2589000e-01  -6.5330000e-01   1.1466700e+00
  -6.2189000e-01  -6.5451000e-01   1.1501200e+00
  -6.1786000e-01  -6.5571000e-01   1.1535800e+00
  -6.1379000e-01  -6.5689000e-01   1.1570700e+00
  -6.0969000e-01  -6.5805000e-01   1.1605800e+00
  -6.0555000e-01  -6.5919000e-01   1.1641200e+00
  -6.0138000e-01  -6.6031000e-01   1.1676800e+00
  -5.9718000e-01  -6.6142000e-01   1.1712700e+00
  -5.9295000e-01  -6.6251000e-01   1.1748900e+00
  -5.8870000e-01  -6.6358000e-01   1.1785300e+00
  -5.8441000e-01  -6.6464000e-01   1.1821900e+00
  -5.8011000e-01  -6.6568000e-01   1.1858800e+00
  -5.7578000e-01  -6.6670000e-01   1.1895900e+00
  -5.7142000e-01  -6.6771000e-01   1.1933300e+00
  -5.6705000e-01  -6.6870000e-01   1.1970800e+00
  -5.6266000e-01  -6.6968000e-01   1.2008500e+00
  -5.5824000e-01  -6.7064000e-01   1.2046400e+00
  -5.5381000e-01  -6.7159000e-01   1.2084400e+00
  -5.4937000e-01  -6.7252000e-01   1.2122400e+00
  -5.4490000e-01  -6.7344000e-01   1.2160600e+00
  -5.4042000e-01  -6.7435000e-01   1.2198700e+00
  -5.3592000e-01  -6.7525000e-01   1.2236900e+00
  -5.3140000e-01  -6.7613000e-01   1.2274900e+00
  -5.2687000e-01  -6.7700000e-01   1.2312900e+00
  -5.2231000e-01  -6.7787000e-01   1.2350700e+00
  -5.1774000e-01  -6.7873000e-01   1.2388200e+00
  -5.1316000e-01  -6.7958000e-01   1.2425600e+00
  -5.0855000e-01  -6.8043000e-01   1.2462600e+00
  -5.0392000e-01  -6.8128000e-01   1.2499200e+00
  -4.9928000e-01  -6.8213000e-01   1.2535500e+00
  -4.9462000e-01  -6.8299000e-01   1.2571400e+00
  -4.8994000e-01  -6.8385000e-01   1.2606800e+00
  -4.8524000e-01  -6.8473000e-01   1.2641900e+00
  -4.8053000e-01  -6.8563000e-01   1.2676500e+00
  -4.7580000e-01  -6.8654000e-01   1.2710800e+00
  -4.7106000e-01  -6.8748000e-01   1.2744800e+00
  -4.6632000e-01  -6.8845000e-01   1.2778500e+00
  -4.6156000e-01  -6.8945000e-01   1.2812000e+00
  -4.5680000e-01  -6.9049000e-01   1.2845400e+00
  -4.5204000e-01  -6.9157000e-01   1.2878700e+00
  -4.4727000e-01  -6.9269000e-01   1.2912100e+00
  -4.4252000e-01  -6.9387000e-01   1.2945600e+00
  -4.3776000e-01  -6.9509000e-01   1.2979300e+00
  -4.3302000e-01  -6.9636000e-01   1.3013300e+00
  -4.2829000e-01  -6.9769000e-01   1.3047600e+00
  -4.2357000e-01  -6.9908000e-01   1.3082300e+00
  -4.1887000e-01  -7.0052000e-01   1.3117300e+00
  -4.1419000e-01  -7.0202000e-01   1.3152800e+00
  -4.0952000e-01  -7.0358000e-01   1.3188700e+00
  -4.0488000e-01  -7.0519000e-01   1.3225000e+00
  -4.0025000e-01  -7.0686000e-01   1.3261600e+00
  -3.9565000e-01  -7.0858000e-01   1.3298600e+00
  -3.9107000e-01  -7.1035000e-01   1.3335800e+00
  -3.8651000e-01  -7.1218000e-01   1.3373300e+00
  -3.8198000e-01  -7.1405000e-01   1.3410900e+00
  -3.7746000e-01  -7.1597000e-01   1.3448700e+00
  -3.7297000e-01  -7.1794000e-01   1.3486600e+00
  -3.6850000e-01  -7.1994000e-01   1.3524600e+00
  -3.6405000e-01  -7.2199000e-01   1.3562600e+00
  -3.5963000e-01  -7.2408000e-01   1.3600600e+00
  -3.5523000e-01  -7.2621000e-01   1.3638600e+00
  -3.5085000e-01  -7.2838000e-01   1.3676700e+00
  -3.4650000e-01  -7.3059000e-01   1.3714700e+00
  -3.4217000e-01  -7.3284000e-01   1.3752800e+00
  -3.3787000e-01  -7.3514000e-01   1.3791000e+00
  -3.3359000e-01  -7.3747000e-01   1.3829200e+00
  -3.2935000e-01  -7.3985000e-01   1.3867500e+00
  -3.2513000e-01  -7.4228000e-01   1.3905900e+00
  -3.2093000e-01  -7.4475000e-01   1.3944400e+00
  -3.1677000e-01  -7.4727000e-01   1.3983000e+00
  -3.1264000e-01  -7.4984000e-01   1.4021700e+00
  -3.0853000e-01  -7.5246000e-01   1.4060500e+00
  -3.0445000e-01  -7.5513000e-01   1.4099300e+00
  -3.0039000e-01  -7.5784000e-01   1.4138100e+00
  -2.9636000e-01  -7.6060000e-01   1.4176900e+00
  -2.9235000e-01  -7.6340000e-01   1.4215500e+00
  -2.8837000e-01  -7.6625000e-01   1.4254100e+00
  -2.8440000e-01  -7.6914000e-01   1.4292400e+00
  -2.8044000e-01  -7.7206000e-01   1.4330400e+00
  -2.7650000e-01  -7.7502000e-01   1.4368100e+00
  -2.7257000e-01  -7.7801000e-01   1.4405400e+00
  -2.6865000e-01  -7.8103000e-01   1.4442200e+00
  -2.6473000e-01  -7.8407000e-01   1.4478400e+00
  -2.6081000e-01  -7.8714000e-01   1.4514200e+00
  -2.5689000e-01  -7.9022000e-01   1.4549200e+00
  -2.5298000e-01  -7.9332000e-01   1.4583700e+00
  -2.4905000e-01  -7.9644000e-01   1.4617400e+00
  -2.4513000e-01  -7.9957000e-01   1.4650500e+00
  -2.4120000e-01  -8.0271000e-01   1.4682800e+00
  -2.3726000e-01  -8.0585000e-01   1.4714400e+00
  -2.3331000e-01  -8.0901000e-01   1.4745200e+00
  -2.2936000e-01  -8.1216000e-01   1.4775300e+00
  -2.2541000e-01  -8.1532000e-01   1.4804800e+00
  -2.2144000e-01  -8.1848000e-01   1.4833500e+00
  -2.1747000e-01  -8.2164000e-01   1.4861500e+00
  -2.1350000e-01  -8.2480000e-01   1.4888800e+00
  -2.0952000e-01  -8.2795000e-01   1.4915600e+00
  -2.0555000e-01  -8.3110000e-01   1.4941700e+00
  -2.0157000e-01  -8.3424000e-01   1.4967200e+00
  -1.9759000e-01  -8.3738000e-01   1.4992200e+00
  -1.9362000e-01  -8.4051000e-01   1.5016600e+00
  -1.8965000e-01  -8.4363000e-01   1.5040600e+00
  -1.8569000e-01  -8.4674000e-01   1.5064100e+00
  -1.8174000e-01  -8.4984000e-01   1.5087300e+00
  -1.7779000e-01  -8.5294000e-01   1.5110000e+00
  -1.7386000e-01  -8.5602000e-01   1.5132400e+00
  -1.6993000e-01  -8.5909000e-01   1.5154500e+00
  -1.6603000e-01  -8.6214000e-01   1.5176400e+00
  -1.6213000e-01  -8.6519000e-01   1.5198000e+00
  -1.5826000e-01  -8.6823000e-01   1.5219500e+00
  -1.5440000e-01  -8.7125000e-01   1.5240800e+00
  -1.5056000e-01  -8.7427000e-01   1.5261900e+00
  -1.4674000e-01  -8.7729000e-01   1.5283000e+00
  -1.4294000e-01  -8.8030000e-01   1.5304000e+00
  -1.3917000e-01  -8.8332000e-01   1.5325000e+00
  -1.3542000e-01  -8.8634000e-01   1.5345900e+00
  -1.3170000e-01  -8.8937000e-01   1.5366800e+00
  -1.2800000e-01  -8.9240000e-01   1.5387700e+00
  -1.2433000e-01  -8.9545000e-01   1.5408600e+00
  -1.2069000e-01  -8.9849000e-01   1.5429400e+00
  -1.1709000e-01  -9.0154000e-01   1.5450200e+00
  -1.1351000e-01  -9.0460000e-01   1.5470900e+00
  -1.0997000e-01  -9.0766000e-01   1.5491600e+00
  -1.0645000e-01  -9.1073000e-01   1.5512100e+00
  -1.0296000e-01  -9.1379000e-01   1.5532600e+00
  -9.9490000e-02  -9.1685000e-01   1.5552900e+00
  -9.6050000e-02  -9.1990000e-01   1.5573100e+00
  -9.2630000e-02  -9.2294000e-01   1.5593100e+00
  -8.9250000e-02  -9.2596000e-01   1.5613000e+00
  -8.5910000e-02  -9.2896000e-01   1.5632500e+00
  -8.2610000e-02  -9.3195000e-01   1.5651800e+00
  -7.9360000e-02  -9.3492000e-01   1.5670800e+00
  -7.6160000e-02  -9.3787000e-01   1.5689400e+00
  -7.3020000e-02  -9.4079000e-01   1.5707600e+00
  -6.9930000e-02  -9.4368000e-01   1.5725300e+00
  -6.6890000e-02  -9.4654000e-01   1.5742500e+00
  -6.3890000e-02  -9.4935000e-01   1.5759300e+00
  -6.0940000e-02  -9.5213000e-01   1.5775400e+00
  -5.8020000e-02  -9.5487000e-01   1.5791000e+00
  -5.5110000e-02  -9.5758000e-01   1.5805900e+00
  -5.2200000e-02  -9.6027000e-01   1.5820200e+00
  -4.9260000e-02  -9.6295000e-01   1.5833800e+00
  -4.6290000e-02  -9.6565000e-01   1.5846600e+00
  -4.3260000e-02  -9.6836000e-01   1.5858600e+00
  -4.0190000e-02  -9.7111000e-01   1.5869900e+00
  -3.7080000e-02  -9.7388000e-01   1.5880400e+00
  -3.3920000e-02  -9.7668000e-01   1.5890200e+00
  -3.0730000e-02  -9.7950000e-01   1.5899200e+00
  -2.7510000e-02  -9.8232000e-01   1.5907500e+00
  -2.4280000e-02  -9.8514000e-01   1.5915100e+00
  -2.1050000e-02  -9.8794000e-01   1.5922000e+00
  -1.7830000e-02  -9.9071000e-01   1.5928100e+00
  -1.4600000e-02  -9.9345000e-01   1.5933400e+00
  -1.1380000e-02  -9.9617000e-01   1.5937800e+00
  -8.1600000e-03  -9.9886000e-01   1.5941400e+00
  -4.9200000e-03  -1.0015300e+00   1.5944000e+00
  -1.6900000e-03  -1.0041700e+00   1.5945800e+00
   1.5400000e-03  -1.0067700e+00   1.5946800e+00
   4.7500000e-03  -1.0093300e+00   1.5946900e+00
   7.9400000e-03  -1.0118400e+00   1.5946300e+00
   1.1100000e-02  -1.0143000e+00   1.5945000e+00
   1.4240000e-02  -1.0167200e+00   1.5943000e+00
   1.7340000e-02  -1.0190800e+00   1.5940300e+00
   2.0420000e-02  -1.0213900e+00   1.5937000e+00
   2.3460000e-02  -1.0236400e+00   1.5933100e+00
   2.6470000e-02  -1.0258500e+00   1.5928700e+00
   2.9440000e-02  -1.0280100e+00   1.5923700e+00
   3.2370000e-02  -1.0301200e+00   1.5918200e+00
   3.5270000e-02  -1.0321700e+00   1.5912100e+00
   3.8120000e-02  -1.0341800e+00   1.5905600e+00
   4.0940000e-02  -1.0361400e+00   1.5898500e+00
   4.3730000e-02  -1.0380600e+00   1.5891000e+00
   4.6480000e-02  -1.0399400e+00   1.5882800e+00
   4.9220000e-02  -1.0417900e+00   1.5874200e+00
   5.1940000e-02  -1.0436000e+00   1.5864900e+00
   5.4640000e-02  -1.0453800e+00   1.5855000e+00
   5.7350000e-02  -1.0471300e+00   1.5844500e+00
   6.0060000e-02  -1.0488700e+00   1.5833200e+00
   6.2790000e-02  -1.0505800e+00   1.5821200e+00
   6.5530000e-02  -1.0522800e+00   1.5808400e+00
   6.8290000e-02  -1.0539600e+00   1.5794700e+00
   7.1080000e-02  -1.0556300e+00   1.5780300e+00
   7.3900000e-02  -1.0572800e+00   1.5764900e+00
   7.6750000e-02  -1.0589200e+00   1.5748700e+00
   7.9620000e-02  -1.0605300e+00   1.5731600e+00
   8.2530000e-02  -1.0621300e+00   1.5713600e+00
   8.5460000e-02  -1.0637000e+00   1.5694700e+00
   8.8410000e-02  -1.0652600e+00   1.5675000e+00
   9.1370000e-02  -1.0667900e+00   1.5654500e+00
   9.4360000e-02  -1.0682900e+00   1.5633200e+00
   9.7350000e-02  -1.0697600e+00   1.5611100e+00
   1.0035000e-01  -1.0712100e+00   1.5588300e+00
   1.0335000e-01  -1.0726300e+00   1.5564900e+00
   1.0635000e-01  -1.0740100e+00   1.5540800e+00
   1.0934000e-01  -1.0753700e+00   1.5516200e+00
   1.1232000e-01  -1.0767000e+00   1.5490900e+00
   1.1530000e-01  -1.0780100e+00   1.5465200e+00
   1.1826000e-01  -1.0792800e+00   1.5439000e+00
   1.2120000e-01  -1.0805300e+00   1.5412200e+00
   1.2413000e-01  -1.0817600e+00   1.5385100e+00
   1.2704000e-01  -1.0829500e+00   1.5357400e+00
   1.2994000e-01  -1.0841300e+00   1.5329400e+00
   1.3281000e-01  -1.0852800e+00   1.5301000e+00
   1.3567000e-01  -1.0864100e+00   1.5272100e+00
   1.3852000e-01  -1.0875200e+00   1.5242900e+00
   1.4134000e-01  -1.0886000e+00   1.5213300e+00
   1.4415000e-01  -1.0896700e+00   1.5183400e+00
   1.4694000e-01  -1.0907300e+00   1.5153100e+00
   1.4971000e-01  -1.0917600e+00   1.5122600e+00
   1.5246000e-01  -1.0927800e+00   1.5091800e+00
   1.5519000e-01  -1.0937900e+00   1.5060700e+00
   1.5790000e-01  -1.0947900e+00   1.5029400e+00
   1.6060000e-01  -1.0957800e+00   1.4998000e+00
   1.6327000e-01  -1.0967600e+00   1.4966500e+00
   1.6592000e-01  -1.0977300e+00   1.4934900e+00
   1.6855000e-01  -1.0986900e+00   1.4903300e+00
   1.7116000e-01  -1.0996600e+00   1.4871700e+00
   1.7374000e-01  -1.1006200e+00   1.4840100e+00
   1.7630000e-01  -1.1015700e+00   1.4808700e+00
   1.7883000e-01  -1.1025300e+00   1.4777400e+00
   1.8134000e-01  -1.1034900e+00   1.4746200e+00
   1.8382000e-01  -1.1044500e+00   1.4715300e+00
   1.8628000e-01  -1.1054200e+00   1.4684600e+00
   1.8871000e-01  -1.1063800e+00   1.4654100e+00
   1.9112000e-01  -1.1073500e+00   1.4623800e+00
   1.9350000e-01  -1.1083300e+00   1.4593800e+00
   1.9586000e-01  -1.1093000e+00   1.4564000e+00
   1.9819000e-01  -1.1102800e+00   1.4534400e+00
   2.0050000e-01  -1.1112700e+00   1.4505000e+00
   2.0280000e-01  -1.1122500e+00   1.4475800e+00
   2.0507000e-01  -1.1132400e+00   1.4446700e+00
   2.0732000e-01  -1.1142200e+00   1.4417800e+00
   2.0955000e-01  -1.1152000e+00   1.4388900e+00
   2.1177000e-01  -1.1161800e+00   1.4360000e+00
   2.1397000e-01  -1.1171600e+00   1.4331100e+00
   2.1615000e-01  -1.1181300e+00   1.4302100e+00
   2.1832000e-01  -1.1190900e+00   1.4273000e+00
   2.2048000e-01  -1.1200300e+00   1.4243800e+00
   2.2263000e-01  -1.1209700e+00   1.4214500e+00
   2.2476000e-01  -1.1219000e+00   1.4185000e+00
   2.2688000e-01  -1.1228100e+00   1.4155300e+00
   2.2899000e-01  -1.1237000e+00   1.4125500e+00
   2.3109000e-01  -1.1245900e+00   1.4095400e+00
   2.3318000e-01  -1.1254500e+00   1.4065200e+00
   2.3525000e-01  -1.1263100e+00   1.4034900e+00
   2.3731000e-01  -1.1271600e+00   1.4004400e+00
   2.3936000e-01  -1.1279900e+00   1.3973900e+00
   2.4140000e-01  -1.1288200e+00   1.3943300e+00
   2.4342000e-01  -1.1296300e+00   1.3912600e+00
   2.4543000e-01  -1.1304500e+00   1.3882000e+00
   2.4742000e-01  -1.1312600e+00   1.3851400e+00
   2.4940000e-01  -1.1320600e+00   1.3820800e+00
   2.5137000e-01  -1.1328700e+00   1.3790400e+00
   2.5332000e-01  -1.1336700e+00   1.3760000e+00
   2.5526000e-01  -1.1344700e+00   1.3729700e+00
   2.5719000e-01  -1.1352700e+00   1.3699600e+00
   2.5910000e-01  -1.1360600e+00   1.3669600e+00
   2.6100000e-01  -1.1368600e+00   1.3639600e+00
   2.6288000e-01  -1.1376500e+00   1.3609800e+00
   2.6475000e-01  -1.1384300e+00   1.3580000e+00
   2.6661000e-01  -1.1392100e+00   1.3550300e+00
   2.6845000e-01  -1.1399800e+00   1.3520600e+00
   2.7028000e-01  -1.1407300e+00   1.3490900e+00
   2.7209000e-01  -1.1414800e+00   1.3461300e+00
   2.7389000e-01  -1.1422100e+00   1.3431600e+00
   2.7568000e-01  -1.1429200e+00   1.3401900e+00
   2.7745000e-01  -1.1436200e+00   1.3372200e+00
   2.7921000e-01  -1.1443100e+00   1.3342400e+00
   2.8095000e-01  -1.1449800e+00   1.3312600e+00
   2.8268000e-01  -1.1456300e+00   1.3282700e+00
   2.8440000e-01  -1.1462700e+00   1.3252800e+00
   2.8611000e-01  -1.1469000e+00   1.3222800e+00
   2.8780000e-01  -1.1475100e+00   1.3192900e+00
   2.8948000e-01  -1.1481200e+00   1.3163000e+00
   2.9114000e-01  -1.1487200e+00   1.3133200e+00
   2.9280000e-01  -1.1493100e+00   1.3103400e+00
   2.9444000e-01  -1.1498900e+00   1.3073700e+00
   2.9607000e-01  -1.1504800e+00   1.3044200e+00
   2.9769000e-01  -1.1510600e+00   1.3014900e+00
   2.9930000e-01  -1.1516400e+00   1.2985800e+00
   3.0090000e-01  -1.1522200e+00   1.2956900e+00
   3.0248000e-01  -1.1528000e+00   1.2928200e+00
   3.0405000e-01  -1.1533900e+00   1.2899700e+00
   3.0561000e-01  -1.1539700e+00   1.2871600e+00
   3.0716000e-01  -1.1545400e+00   1.2843700e+00
   3.0870000e-01  -1.1551200e+00   1.2816000e+00
   3.1023000e-01  -1.1556800e+00   1.2788600e+00
   3.1174000e-01  -1.1562400e+00   1.2761400e+00
   3.1324000e-01  -1.1567900e+00   1.2734500e+00
   3.1472000e-01  -1.1573300e+00   1.2707800e+00
   3.1619000e-01  -1.1578500e+00   1.2681300e+00
   3.1765000e-01  -1.1583600e+00   1.2654900e+00
   3.1909000e-01  -1.1588400e+00   1.2628800e+00
   3.2051000e-01  -1.1593000e+00   1.2602800e+00
   3.2192000e-01  -1.1597400e+00   1.2576900e+00
   3.2331000e-01  -1.1601600e+00   1.2551100e+00
   3.2468000e-01  -1.1605500e+00   1.2525500e+00
   3.2603000e-01  -1.1609100e+00   1.2500000e+00
   3.2737000e-01  -1.1612400e+00   1.2474700e+00
   3.2868000e-01  -1.1615500e+00   1.2449500e+00
   3.2997000e-01  -1.1618300e+00   1.2424400e+00
   3.3125000e-01  -1.1620900e+00   1.2399500e+00
   3.3251000e-01  -1.1623100e+00   1.2374800e+00
   3.3374000e-01  -1.1625100e+00   1.2350200e+00
   3.3496000e-01  -1.1626900e+00   1.2325900e+00
   3.3616000e-01  -1.1628400e+00   1.2301800e+00
   3.3734000e-01  -1.1629800e+00   1.2278000e+00
   3.3851000e-01  -1.1630900e+00   1.2254400e+00
   3.3966000e-01  -1.1631900e+00   1.2231100e+00
   3.4079000e-01  -1.1632700e+00   1.2208200e+00
   3.4191000e-01  -1.1633400e+00   1.2185600e+00
   3.4302000e-01  -1.1634000e+00   1.2163300e+00
   3.4411000e-01  -1.1634400e+00   1.2141300e+00
   3.4519000e-01  -1.1634800e+00   1.2119600e+00
   3.4626000e-01  -1.1635100e+00   1.2098300e+00
   3.4731000e-01  -1.1635400e+00   1.2077400e+00
   3.4835000e-01  -1.1635600e+00   1.2056700e+00
   3.4938000e-01  -1.1635700e+00   1.2036300e+00
   3.5039000e-01  -1.1635800e+00   1.2016200e+00
   3.5139000e-01  -1.1635800e+00   1.1996400e+00
   3.5237000e-01  -1.1635700e+00   1.1976800e+00
   3.5333000e-01  -1.1635600e+00   1.1957300e+00
   3.5428000e-01  -1.1635300e+00   1.1938100e+00
   3.5521000e-01  -1.1635000e+00   1.1919000e+00
   3.5613000e-01  -1.1634500e+00   1.1900000e+00
   3.5703000e-01  -1.1633900e+00   1.1881200e+00
   3.5791000e-01  -1.1633200e+00   1.1862500e+00
   3.5877000e-01  -1.1632300e+00   1.1843900e+00
   3.5962000e-01  -1.1631400e+00   1.1825400e+00
   3.6045000e-01  -1.1630300e+00   1.1807000e+00
   3.6127000e-01  -1.1629000e+00   1.1788700e+00
   3.6208000e-01  -1.1627700e+00   1.1770600e+00
   3.6287000e-01  -1.1626200e+00   1.1752700e+00
   3.6365000e-01  -1.1624700e+00   1.1735000e+00
   3.6442000e-01  -1.1623100e+00   1.1717400e+00
   3.6518000e-01  -1.1621400e+00   1.1700200e+00
   3.6593000e-01  -1.1619700e+00   1.1683100e+00
   3.6667000e-01  -1.1618000e+00   1.1666400e+00
   3.6741000e-01  -1.1616200e+00   1.1650000e+00
   3.6814000e-01  -1.1614400e+00   1.1633800e+00
   3.6886000e-01  -1.1612600e+00   1.1618000e+00
   3.6958000e-01  -1.1610800e+00   1.1602500e+00
   3.7028000e-01  -1.1609000e+00   1.1587300e+00
   3.7098000e-01  -1.1607200e+00   1.1572500e+00
   3.7167000e-01  -1.1605300e+00   1.1557900e+00
   3.7235000e-01  -1.1603400e+00   1.1543600e+00
   3.7302000e-01  -1.1601500e+00   1.1529500e+00
   3.7369000e-01  -1.1599600e+00   1.1515800e+00
   3.7433000e-01  -1.1597500e+00   1.1502300e+00
   3.7497000e-01  -1.1595500e+00   1.1489000e+00
   3.7560000e-01  -1.1593400e+00   1.1476000e+00
   3.7621000e-01  -1.1591200e+00   1.1463200e+00
   3.7681000e-01  -1.1589000e+00   1.1450600e+00
   3.7739000e-01  -1.1586700e+00   1.1438300e+00
   3.7797000e-01  -1.1584400e+00   1.1426200e+00
   3.7853000e-01  -1.1582000e+00   1.1414400e+00
   3.7907000e-01  -1.1579700e+00   1.1402800e+00
   3.7961000e-01  -1.1577300e+00   1.1391500e+00
   3.8013000e-01  -1.1574900e+00   1.1380400e+00
   3.8065000e-01  -1.1572600e+00   1.1369600e+00
   3.8115000e-01  -1.1570300e+00   1.1359100e+00
   3.8164000e-01  -1.1568000e+00   1.1348900e+00
   3.8213000e-01  -1.1565800e+00   1.1339100e+00
   3.8261000e-01  -1.1563700e+00   1.1329500e+00
   3.8308000e-01  -1.1561600e+00   1.1320200e+00
   3.8354000e-01  -1.1559600e+00   1.1311200e+00
   3.8400000e-01  -1.1557600e+00   1.1302600e+00
   3.8446000e-01  -1.1555800e+00   1.1294200e+00
   3.8490000e-01  -1.1554000e+00   1.1286100e+00
   3.8535000e-01  -1.1552300e+00   1.1278300e+00
   3.8578000e-01  -1.1550600e+00   1.1270800e+00
   3.8621000e-01  -1.1549000e+00   1.1263500e+00
   3.8663000e-01  -1.1547400e+00   1.1256500e+00
   3.8704000e-01  -1.1545800e+00   1.1249700e+00
   3.8744000e-01  -1.1544300e+00   1.1243100e+00
   3.8784000e-01  -1.1542800e+00   1.1236800e+00
   3.8822000e-01  -1.1541200e+00   1.1230600e+00
   3.8860000e-01  -1.1539700e+00   1.1224700e+00
   3.8896000e-01  -1.1538200e+00   1.1218900e+00
   3.8931000e-01  -1.1536700e+00   1.1213400e+00
   3.8965000e-01  -1.1535100e+00   1.1208000e+00
   3.8997000e-01  -1.1533600e+00   1.1202900e+00
   3.9029000e-01  -1.1532000e+00   1.1197900e+00
   3.9060000e-01  -1.1530500e+00   1.1193200e+00
   3.9089000e-01  -1.1528900e+00   1.1188600e+00
   3.9118000e-01  -1.1527400e+00   1.1184300e+00
   3.9146000e-01  -1.1525800e+00   1.1180200e+00
   3.9172000e-01  -1.1524300e+00   1.1176300e+00
   3.9199000e-01  -1.1522700e+00   1.1172600e+00
   3.9224000e-01  -1.1521200e+00   1.1169200e+00
   3.9249000e-01  -1.1519700e+00   1.1165900e+00
   3.9273000e-01  -1.1518200e+00   1.1162800e+00
   3.9296000e-01  -1.1516700e+00   1.1159900e+00
   3.9319000e-01  -1.1515200e+00   1.1157200e+00
   3.9342000e-01  -1.1513700e+00   1.1154600e+00
   3.9364000e-01  -1.1512200e+00   1.1152100e+00
   3.9386000e-01  -1.1510700e+00   1.1149900e+00
   3.9408000e-01  -1.1509200e+00   1.1147700e+00
   3.9429000e-01  -1.1507700e+00   1.1145700e+00
   3.9450000e-01  -1.1506300e+00   1.1143800e+00
   3.9470000e-01  -1.1504800e+00   1.1142000e+00
   3.9491000e-01  -1.1503300e+00   1.1140400e+00
   3.9511000e-01  -1.1501900e+00   1.1138900e+00
   3.9531000e-01  -1.1500400e+00   1.1137600e+00
   3.9550000e-01  -1.1499000e+00   1.1136300e+00
   3.9570000e-01  -1.1497600e+00   1.1135300e+00
   3.9589000e-01  -1.1496200e+00   1.1134400e+00
   3.9608000e-01  -1.1494900e+00   1.1133700e+00
   3.9627000e-01  -1.1493600e+00   1.1133100e+00
   3.9645000e-01  -1.1492300e+00   1.1132800e+00
   3.9664000e-01  -1.1491100e+00   1.1132600e+00
   3.9682000e-01  -1.1489900e+00   1.1132600e+00
   3.9700000e-01  -1.1488700e+00   1.1132800e+00
   3.9717000e-01  -1.1487600e+00   1.1133300e+00
   3.9735000e-01  -1.1486500e+00   1.1133900e+00
   3.9753000e-01  -1.1485500e+00   1.1134700e+00
   3.9770000e-01  -1.1484500e+00   1.1135600e+00
   3.9787000e-01  -1.1483600e+00   1.1136800e+00
   3.9804000e-01  -1.1482700e+00   1.1138000e+00
   3.9822000e-01  -1.1481800e+00   1.1139500e+00
   3.9839000e-01  -1.1481000e+00   1.1141000e+00
   3.9857000e-01  -1.1480200e+00   1.1142600e+00
   3.9874000e-01  -1.1479400e+00   1.1144300e+00
   3.9892000e-01  -1.1478600e+00   1.1146000e+00
   3.9910000e-01  -1.1477800e+00   1.1147800e+00
   3.9928000e-01  -1.1477000e+00   1.1149500e+00
   3.9947000e-01  -1.1476200e+00   1.1151200e+00
   3.9965000e-01  -1.1475300e+00   1.1152900e+00
   3.9983000e-01  -1.1474400e+00   1.1154400e+00
   4.0002000e-01  -1.1473400e+00   1.1155800e+00
   4.0020000e-01  -1.1472400e+00   1.1157200e+00
   4.0039000e-01  -1.1471200e+00   1.1158300e+00
   4.0057000e-01  -1.1470000e+00   1.1159300e+00
   4.0075000e-01  -1.1468700e+00   1.1160200e+00
   4.0093000e-01  -1.1467300e+00   1.1160900e+00
   4.0111000e-01  -1.1465900e+00   1.1161400e+00
   4.0129000e-01  -1.1464300e+00   1.1161700e+00
   4.0147000e-01  -1.1462700e+00   1.1161900e+00
   4.0164000e-01  -1.1461000e+00   1.1162000e+00
   4.0182000e-01  -1.1459200e+00   1.1162000e+00
   4.0200000e-01  -1.1457400e+00   1.1161800e+00
   4.0217000e-01  -1.1455500e+00   1.1161600e+00
   4.0235000e-01  -1.1453600e+00   1.1161300e+00
   4.0252000e-01  -1.1451600e+00   1.1161000e+00
   4.0269000e-01  -1.1449600e+00   1.1160600e+00
   4.0287000e-01  -1.1447600e+00   1.1160200e+00
   4.0304000e-01  -1.1445500e+00   1.1159800e+00
   4.0321000e-01  -1.1443400e+00   1.1159400e+00
   4.0338000e-01  -1.1441300e+00   1.1159000e+00
   4.0355000e-01  -1.1439100e+00   1.1158700e+00
   4.0372000e-01  -1.1436900e+00   1.1158300e+00
   4.0389000e-01  -1.1434700e+00   1.1158000e+00
   4.0406000e-01  -1.1432500e+00   1.1157700e+00
   4.0422000e-01  -1.1430200e+00   1.1157400e+00
   4.0439000e-01  -1.1427800e+00   1.1157100e+00
   4.0455000e-01  -1.1425400e+00   1.1156800e+00
   4.0471000e-01  -1.1423000e+00   1.1156400e+00
   4.0488000e-01  -1.1420500e+00   1.1156100e+00
   4.0504000e-01  -1.1417900e+00   1.1155600e+00
   4.0520000e-01  -1.1415300e+00   1.1155100e+00
   4.0536000e-01  -1.1412600e+00   1.1154400e+00
   4.0551000e-01  -1.1409800e+00   1.1153700e+00
   4.0567000e-01  -1.1406900e+00   1.1152800e+00
   4.0582000e-01  -1.1404000e+00   1.1151800e+00
   4.0598000e-01  -1.1400900e+00   1.1150700e+00
   4.0612000e-01  -1.1397800e+00   1.1149500e+00
   4.0627000e-01  -1.1394600e+00   1.1148100e+00
   4.0641000e-01  -1.1391300e+00   1.1146600e+00
   4.0654000e-01  -1.1387900e+00   1.1145100e+00
   4.0667000e-01  -1.1384400e+00   1.1143400e+00
   4.0679000e-01  -1.1380900e+00   1.1141800e+00
   4.0690000e-01  -1.1377300e+00   1.1140100e+00
   4.0700000e-01  -1.1373700e+00   1.1138400e+00
   4.0709000e-01  -1.1370100e+00   1.1136800e+00
   4.0718000e-01  -1.1366500e+00   1.1135300e+00
   4.0725000e-01  -1.1362800e+00   1.1133800e+00
   4.0731000e-01  -1.1359100e+00   1.1132400e+00
   4.0736000e-01  -1.1355500e+00   1.1131100e+00
   4.0741000e-01  -1.1351900e+00   1.1130000e+00
   4.0745000e-01  -1.1348300e+00   1.1128900e+00
   4.0748000e-01  -1.1344800e+00   1.1127900e+00
   4.0752000e-01  -1.1341400e+00   1.1127000e+00
   4.0756000e-01  -1.1338000e+00   1.1126200e+00
   4.0762000e-01  -1.1334800e+00   1.1125400e+00
   4.0768000e-01  -1.1331700e+00   1.1124600e+00
   4.0777000e-01  -1.1328900e+00   1.1123800e+00
   4.0789000e-01  -1.1326200e+00   1.1123000e+00
   4.0804000e-01  -1.1323800e+00   1.1122200e+00
   4.0822000e-01  -1.1321700e+00   1.1121400e+00
   4.0846000e-01  -1.1319900e+00   1.1120600e+00
   4.0874000e-01  -1.1318600e+00   1.1119800e+00
   4.0907000e-01  -1.1317600e+00   1.1119100e+00
   4.0946000e-01  -1.1317100e+00   1.1118600e+00
   4.0991000e-01  -1.1317000e+00   1.1118200e+00
   4.1041000e-01  -1.1317300e+00   1.1118000e+00
   4.1097000e-01  -1.1318100e+00   1.1118200e+00
   4.1156000e-01  -1.1319200e+00   1.1118900e+00
   4.1220000e-01  -1.1320500e+00   1.1120000e+00
   4.1286000e-01  -1.1322200e+00   1.1121800e+00
   4.1353000e-01  -1.1323900e+00   1.1124400e+00
   4.1420000e-01  -1.1325600e+00   1.1127700e+00
   4.1485000e-01  -1.1327300e+00   1.1132000e+00
   4.1548000e-01  -1.1328800e+00   1.1137200e+00
   4.1605000e-01  -1.1330000e+00   1.1143400e+00
   4.1657000e-01  -1.1330900e+00   1.1150500e+00
   4.1703000e-01  -1.1331400e+00   1.1158600e+00
   4.1742000e-01  -1.1331600e+00   1.1167300e+00
   4.1774000e-01  -1.1331500e+00   1.1176800e+00
   4.1800000e-01  -1.1331000e+00   1.1186800e+00
   4.1819000e-01  -1.1330100e+00   1.1197200e+00
   4.1834000e-01  -1.1329000e+00   1.1207900e+00
   4.1843000e-01  -1.1327500e+00   1.1218900e+00
   4.1848000e-01  -1.1325800e+00   1.1229900e+00
   4.1848000e-01  -1.1323800e+00   1.1241100e+00
   4.1846000e-01  -1.1321500e+00   1.1252400e+00
   4.1840000e-01  -1.1318900e+00   1.1263600e+00
   4.1831000e-01  -1.1316000e+00   1.1274900e+00
   4.1819000e-01  -1.1312800e+00   1.1286300e+00
   4.1805000e-01  -1.1309200e+00   1.1297900e+00
   4.1789000e-01  -1.1305300e+00   1.1309500e+00
   4.1771000e-01  -1.1301000e+00   1.1321400e+00
   4.1752000e-01  -1.1296400e+00   1.1333600e+00
   4.1732000e-01  -1.1291300e+00   1.1346100e+00
   4.1711000e-01  -1.1286000e+00   1.1358900e+00
   4.1690000e-01  -1.1280400e+00   1.1372100e+00
   4.1669000e-01  -1.1274600e+00   1.1385600e+00
   4.1649000e-01  -1.1268600e+00   1.1399600e+00
   4.1630000e-01  -1.1262400e+00   1.1413900e+00
   4.1612000e-01  -1.1256200e+00   1.1428600e+00
   4.1595000e-01  -1.1249900e+00   1.1443800e+00
   4.1580000e-01  -1.1243500e+00   1.1459300e+00
   4.1566000e-01  -1.1237000e+00   1.1475300e+00
   4.1554000e-01  -1.1230500e+00   1.1491700e+00
   4.1542000e-01  -1.1223900e+00   1.1508500e+00
   4.1532000e-01  -1.1217200e+00   1.1525800e+00
   4.1523000e-01  -1.1210400e+00   1.1543700e+00
   4.1515000e-01  -1.1203400e+00   1.1562000e+00
   4.1507000e-01  -1.1196100e+00   1.1580900e+00
   4.1499000e-01  -1.1188600e+00   1.1600400e+00
   4.1492000e-01  -1.1180900e+00   1.1620600e+00
   4.1484000e-01  -1.1172700e+00   1.1641300e+00
   4.1475000e-01  -1.1164200e+00   1.1662700e+00
   4.1466000e-01  -1.1155200e+00   1.1684800e+00
   4.1456000e-01  -1.1145800e+00   1.1707600e+00
   4.1445000e-01  -1.1135900e+00   1.1731000e+00
   4.1433000e-01  -1.1125400e+00   1.1755200e+00
   4.1419000e-01  -1.1114300e+00   1.1779900e+00
   4.1404000e-01  -1.1102700e+00   1.1805300e+00
   4.1388000e-01  -1.1090400e+00   1.1831200e+00
   4.1370000e-01  -1.1077500e+00   1.1857700e+00
   4.1350000e-01  -1.1064000e+00   1.1884600e+00
   4.1329000e-01  -1.1049800e+00   1.1911900e+00
   4.1306000e-01  -1.1035000e+00   1.1939500e+00
   4.1282000e-01  -1.1019500e+00   1.1967300e+00
   4.1256000e-01  -1.1003300e+00   1.1995300e+00
   4.1229000e-01  -1.0986500e+00   1.2023300e+00
   4.1201000e-01  -1.0969200e+00   1.2051300e+00
   4.1172000e-01  -1.0951200e+00   1.2079200e+00
   4.1142000e-01  -1.0932600e+00   1.2106900e+00
   4.1112000e-01  -1.0913500e+00   1.2134300e+00
   4.1081000e-01  -1.0894000e+00   1.2161500e+00
   4.1049000e-01  -1.0873900e+00   1.2188200e+00
   4.1017000e-01  -1.0853400e+00   1.2214500e+00
   4.0985000e-01  -1.0832500e+00   1.2240400e+00
   4.0953000e-01  -1.0811300e+00   1.2265700e+00
   4.0921000e-01  -1.0789800e+00   1.2290400e+00
   4.0889000e-01  -1.0768100e+00   1.2314600e+00
   4.0857000e-01  -1.0746100e+00   1.2338200e+00
   4.0825000e-01  -1.0724100e+00   1.2361200e+00
   4.0794000e-01  -1.0701900e+00   1.2383500e+00
   4.0762000e-01  -1.0679700e+00   1.2405200e+00
   4.0731000e-01  -1.0657500e+00   1.2426300e+00
   4.0700000e-01  -1.0635300e+00   1.2446900e+00
   4.0669000e-01  -1.0613200e+00   1.2466900e+00
   4.0638000e-01  -1.0591200e+00   1.2486300e+00
   4.0607000e-01  -1.0569300e+00   1.2505300e+00
   4.0575000e-01  -1.0547500e+00   1.2523800e+00
   4.0542000e-01  -1.0525900e+00   1.2541900e+00
   4.0508000e-01  -1.0504300e+00   1.2559800e+00
   4.0473000e-01  -1.0482800e+00   1.2577300e+00
   4.0437000e-01  -1.0461400e+00   1.2594700e+00
   4.0399000e-01  -1.0440000e+00   1.2611900e+00
   4.0358000e-01  -1.0418700e+00   1.2629000e+00
   4.0315000e-01  -1.0397200e+00   1.2646100e+00
   4.0269000e-01  -1.0375700e+00   1.2663300e+00
   4.0220000e-01  -1.0353900e+00   1.2680600e+00
   4.0168000e-01  -1.0332000e+00   1.2698000e+00
   4.0111000e-01  -1.0309700e+00   1.2715600e+00
   4.0050000e-01  -1.0287200e+00   1.2733400e+00
   3.9985000e-01  -1.0264200e+00   1.2751500e+00
   3.9916000e-01  -1.0240900e+00   1.2769900e+00
   3.9841000e-01  -1.0217000e+00   1.2788500e+00
   3.9763000e-01  -1.0192700e+00   1.2807400e+00
   3.9680000e-01  -1.0167900e+00   1.2826500e+00
   3.9592000e-01  -1.0142500e+00   1.2845800e+00
   3.9502000e-01  -1.0116700e+00   1.2865400e+00
   3.9407000e-01  -1.0090400e+00   1.2885100e+00
   3.9310000e-01  -1.0063600e+00   1.2904800e+00
   3.9211000e-01  -1.0036300e+00   1.2924700e+00
   3.9111000e-01  -1.0008700e+00   1.2944500e+00
   3.9009000e-01  -9.9807000e-01   1.2964300e+00
   3.8907000e-01  -9.9523000e-01   1.2983900e+00
   3.8805000e-01  -9.9237000e-01   1.3003400e+00
   3.8703000e-01  -9.8949000e-01   1.3022700e+00
   3.8603000e-01  -9.8658000e-01   1.3041600e+00
   3.8503000e-01  -9.8366000e-01   1.3060300e+00
   3.8405000e-01  -9.8072000e-01   1.3078600e+00
   3.8308000e-01  -9.7776000e-01   1.3096500e+00
   3.8213000e-01  -9.7478000e-01   1.3114100e+00
   3.8119000e-01  -9.7180000e-01   1.3131100e+00
   3.8026000e-01  -9.6879000e-01   1.3147700e+00
   3.7934000e-01  -9.6577000e-01   1.3163800e+00
   3.7844000e-01  -9.6273000e-01   1.3179400e+00
   3.7754000e-01  -9.5966000e-01   1.3194500e+00
   3.7664000e-01  -9.5658000e-01   1.3209000e+00
   3.7575000e-01  -9.5346000e-01   1.3223000e+00
   3.7487000e-01  -9.5033000e-01   1.3236500e+00
   3.7398000e-01  -9.4716000e-01   1.3249400e+00
   3.7310000e-01  -9.4396000e-01   1.3261700e+00
   3.7221000e-01  -9.4072000e-01   1.3273300e+00
   3.7132000e-01  -9.3746000e-01   1.3284400e+00
   3.7043000e-01  -9.3416000e-01   1.3294800e+00
   3.6955000e-01  -9.3083000e-01   1.3304500e+00
   3.6866000e-01  -9.2747000e-01   1.3313600e+00
   3.6778000e-01  -9.2408000e-01   1.3321900e+00
   3.6690000e-01  -9.2066000e-01   1.3329500e+00
   3.6603000e-01  -9.1721000e-01   1.3336200e+00
   3.6517000e-01  -9.1374000e-01   1.3342200e+00
   3.6431000e-01  -9.1025000e-01   1.3347300e+00
   3.6347000e-01  -9.0674000e-01   1.3351600e+00
   3.6264000e-01  -9.0322000e-01   1.3355000e+00
   3.6183000e-01  -8.9968000e-01   1.3357500e+00
   3.6104000e-01  -8.9613000e-01   1.3359000e+00
   3.6026000e-01  -8.9257000e-01   1.3359500e+00
   3.5951000e-01  -8.8900000e-01   1.3359100e+00
   3.5877000e-01  -8.8542000e-01   1.3357800e+00
   3.5806000e-01  -8.8184000e-01   1.3355400e+00
   3.5737000e-01  -8.7825000e-01   1.3352000e+00
   3.5670000e-01  -8.7466000e-01   1.3347600e+00
   3.5605000e-01  -8.7106000e-01   1.3342200e+00
   3.5543000e-01  -8.6746000e-01   1.3335700e+00
   3.5483000e-01  -8.6386000e-01   1.3328300e+00
   3.5425000e-01  -8.6025000e-01   1.3319800e+00
   3.5368000e-01  -8.5664000e-01   1.3310300e+00
   3.5315000e-01  -8.5304000e-01   1.3299800e+00
   3.5262000e-01  -8.4943000e-01   1.3288300e+00
   3.5212000e-01  -8.4582000e-01   1.3275700e+00
   3.5164000e-01  -8.4221000e-01   1.3262200e+00
   3.5118000e-01  -8.3860000e-01   1.3247600e+00
   3.5073000e-01  -8.3499000e-01   1.3232100e+00
   3.5029000e-01  -8.3138000e-01   1.3215500e+00
   3.4987000e-01  -8.2778000e-01   1.3198000e+00
   3.4947000e-01  -8.2417000e-01   1.3179500e+00
   3.4907000e-01  -8.2056000e-01   1.3160000e+00
   3.4869000e-01  -8.1696000e-01   1.3139600e+00
   3.4831000e-01  -8.1336000e-01   1.3118300e+00
   3.4794000e-01  -8.0976000e-01   1.3096000e+00
   3.4758000e-01  -8.0616000e-01   1.3072800e+00
   3.4723000e-01  -8.0257000e-01   1.3048700e+00
   3.4688000e-01  -7.9898000e-01   1.3023800e+00
   3.4654000e-01  -7.9541000e-01   1.2998100e+00
   3.4621000e-01  -7.9185000e-01   1.2971600e+00
   3.4588000e-01  -7.8831000e-01   1.2944300e+00
   3.4555000e-01  -7.8479000e-01   1.2916300e+00
   3.4524000e-01  -7.8129000e-01   1.2887700e+00
   3.4493000e-01  -7.7783000e-01   1.2858400e+00
   3.4463000e-01  -7.7441000e-01   1.2828500e+00
   3.4434000e-01  -7.7103000e-01   1.2798000e+00
   3.4406000e-01  -7.6770000e-01   1.2767100e+00
   3.4379000e-01  -7.6442000e-01   1.2735800e+00
   3.4353000e-01  -7.6120000e-01   1.2704000e+00
   3.4329000e-01  -7.5804000e-01   1.2671900e+00
   3.4306000e-01  -7.5495000e-01   1.2639500e+00
   3.4285000e-01  -7.5194000e-01   1.2606800e+00
   3.4265000e-01  -7.4900000e-01   1.2573900e+00
   3.4246000e-01  -7.4614000e-01   1.2540800e+00
   3.4230000e-01  -7.4335000e-01   1.2507600e+00
   3.4214000e-01  -7.4064000e-01   1.2474200e+00
   3.4200000e-01  -7.3802000e-01   1.2440600e+00
   3.4188000e-01  -7.3547000e-01   1.2406900e+00
   3.4176000e-01  -7.3299000e-01   1.2373100e+00
   3.4166000e-01  -7.3059000e-01   1.2339200e+00
   3.4157000e-01  -7.2825000e-01   1.2305100e+00
   3.4149000e-01  -7.2598000e-01   1.2270800e+00
   3.4141000e-01  -7.2376000e-01   1.2236300e+00
   3.4134000e-01  -7.2161000e-01   1.2201600e+00
   3.4128000e-01  -7.1950000e-01   1.2166600e+00
   3.4122000e-01  -7.1743000e-01   1.2131400e+00
   3.4116000e-01  -7.1541000e-01   1.2095800e+00
   3.4111000e-01  -7.1342000e-01   1.2059900e+00
   3.4106000e-01  -7.1147000e-01   1.2023700e+00
   3.4100000e-01  -7.0955000e-01   1.1987000e+00
   3.4095000e-01  -7.0766000e-01   1.1950000e+00
   3.4089000e-01  -7.0580000e-01   1.1912700e+00
   3.4084000e-01  -7.0396000e-01   1.1875000e+00
   3.4078000e-01  -7.0215000e-01   1.1836900e+00
   3.4073000e-01  -7.0038000e-01   1.1798500e+00
   3.4067000e-01  -6.9864000e-01   1.1759900e+00
   3.4062000e-01  -6.9693000e-01   1.1721100e+00
   3.4057000e-01  -6.9527000e-01   1.1682200e+00
   3.4052000e-01  -6.9365000e-01   1.1643200e+00
   3.4048000e-01  -6.9208000e-01   1.1604300e+00
   3.4044000e-01  -6.9057000e-01   1.1565400e+00
   3.4042000e-01  -6.8912000e-01   1.1526700e+00
   3.4040000e-01  -6.8773000e-01   1.1488300e+00
   3.4039000e-01  -6.8642000e-01   1.1450300e+00
   3.4040000e-01  -6.8517000e-01   1.1412700e+00
   3.4041000e-01  -6.8401000e-01   1.1375700e+00
   3.4044000e-01  -6.8292000e-01   1.1339200e+00
   3.4048000e-01  -6.8190000e-01   1.1303300e+00
   3.4054000e-01  -6.8097000e-01   1.1268200e+00
   3.4061000e-01  -6.8011000e-01   1.1233800e+00
   3.4068000e-01  -6.7932000e-01   1.1200100e+00
   3.4077000e-01  -6.7861000e-01   1.1167200e+00
   3.4087000e-01  -6.7796000e-01   1.1135000e+00
   3.4098000e-01  -6.7737000e-01   1.1103600e+00
   3.4109000e-01  -6.7683000e-01   1.1072800e+00
   3.4120000e-01  -6.7634000e-01   1.1042800e+00
   3.4131000e-01  -6.7588000e-01   1.1013300e+00
   3.4142000e-01  -6.7545000e-01   1.0984400e+00
   3.4152000e-01  -6.7505000e-01   1.0955900e+00
   3.4161000e-01  -6.7466000e-01   1.0927800e+00
   3.4168000e-01  -6.7427000e-01   1.0900000e+00
   3.4174000e-01  -6.7388000e-01   1.0872500e+00
   3.4178000e-01  -6.7347000e-01   1.0845000e+00
   3.4180000e-01  -6.7305000e-01   1.0817700e+00
   3.4179000e-01  -6.7261000e-01   1.0790300e+00
   3.4176000e-01  -6.7213000e-01   1.0762900e+00
   3.4170000e-01  -6.7162000e-01   1.0735300e+00
   3.4161000e-01  -6.7107000e-01   1.0707600e+00
   3.4150000e-01  -6.7049000e-01   1.0679700e+00
   3.4135000e-01  -6.6986000e-01   1.0651600e+00
   3.4119000e-01  -6.6920000e-01   1.0623300e+00
   3.4100000e-01  -6.6850000e-01   1.0594800e+00
   3.4078000e-01  -6.6777000e-01   1.0566100e+00
   3.4055000e-01  -6.6701000e-01   1.0537400e+00
   3.4029000e-01  -6.6622000e-01   1.0508600e+00
   3.4002000e-01  -6.6542000e-01   1.0479800e+00
   3.3974000e-01  -6.6460000e-01   1.0451000e+00
   3.3944000e-01  -6.6377000e-01   1.0422500e+00
   3.3914000e-01  -6.6294000e-01   1.0394100e+00
   3.3883000e-01  -6.6211000e-01   1.0366100e+00
   3.3851000e-01  -6.6128000e-01   1.0338300e+00
   3.3820000e-01  -6.6047000e-01   1.0311000e+00
   3.3788000e-01  -6.5968000e-01   1.0284200e+00
   3.3756000e-01  -6.5890000e-01   1.0257800e+00
   3.3724000e-01  -6.5813000e-01   1.0231900e+00
   3.3692000e-01  -6.5739000e-01   1.0206500e+00
   3.3659000e-01  -6.5667000e-01   1.0181700e+00
   3.3627000e-01  -6.5596000e-01   1.0157300e+00
   3.3595000e-01  -6.5527000e-01   1.0133400e+00
   3.3563000e-01  -6.5459000e-01   1.0110000e+00
   3.3530000e-01  -6.5392000e-01   1.0087000e+00
   3.3497000e-01  -6.5327000e-01   1.0064400e+00
   3.3463000e-01  -6.5261000e-01   1.0042100e+00
   3.3429000e-01  -6.5196000e-01   1.0020200e+00
   3.3393000e-01  -6.5131000e-01   9.9986000e-01
   3.3358000e-01  -6.5066000e-01   9.9773000e-01
   3.3321000e-01  -6.5001000e-01   9.9563000e-01
   3.3284000e-01  -6.4936000e-01   9.9355000e-01
   3.3245000e-01  -6.4870000e-01   9.9150000e-01
   3.3206000e-01  -6.4803000e-01   9.8948000e-01
   3.3166000e-01  -6.4737000e-01   9.8750000e-01
   3.3126000e-01  -6.4671000e-01   9.8554000e-01
   3.3085000e-01  -6.4604000e-01   9.8363000e-01
   3.3044000e-01  -6.4538000e-01   9.8176000e-01
   3.3003000e-01  -6.4473000e-01   9.7993000e-01
   3.2962000e-01  -6.4409000e-01   9.7816000e-01
   3.2921000e-01  -6.4347000e-01   9.7645000e-01
   3.2881000e-01  -6.4286000e-01   9.7480000e-01
   3.2841000e-01  -6.4228000e-01   9.7322000e-01
   3.2802000e-01  -6.4172000e-01   9.7171000e-01
   3.2765000e-01  -6.4118000e-01   9.7029000e-01
   3.2729000e-01  -6.4068000e-01   9.6894000e-01
   3.2694000e-01  -6.4022000e-01   9.6768000e-01
   3.2662000e-01  -6.3979000e-01   9.6651000e-01
   3.2631000e-01  -6.3940000e-01   9.6542000e-01
   3.2602000e-01  -6.3904000e-01   9.6443000e-01
   3.2574000e-01  -6.3872000e-01   9.6352000e-01
   3.2549000e-01  -6.3844000e-01   9.6269000e-01
   3.2526000e-01  -6.3819000e-01   9.6195000e-01
   3.2505000e-01  -6.3798000e-01   9.6128000e-01
   3.2485000e-01  -6.3781000e-01   9.6069000e-01
   3.2468000e-01  -6.3766000e-01   9.6017000e-01
   3.2452000e-01  -6.3754000e-01   9.5972000e-01
   3.2437000e-01  -6.3745000e-01   9.5933000e-01
   3.2424000e-01  -6.3738000e-01   9.5900000e-01
   3.2413000e-01  -6.3734000e-01   9.5872000e-01
   3.2403000e-01  -6.3732000e-01   9.5849000e-01
   3.2394000e-01  -6.3731000e-01   9.5831000e-01
   3.2386000e-01  -6.3733000e-01   9.5817000e-01
   3.2379000e-01  -6.3736000e-01   9.5807000e-01
   3.2374000e-01  -6.3741000e-01   9.5801000e-01
   3.2369000e-01  -6.3747000e-01   9.5799000e-01
   3.2365000e-01  -6.3755000e-01   9.5800000e-01
   3.2362000e-01  -6.3765000e-01   9.5804000e-01
   3.2360000e-01  -6.3776000e-01   9.5811000e-01
   3.2359000e-01  -6.3788000e-01   9.5821000e-01
   3.2359000e-01  -6.3802000e-01   9.5833000e-01
   3.2360000e-01  -6.3818000e-01   9.5849000e-01
   3.2362000e-01  -6.3835000e-01   9.5867000e-01
   3.2364000e-01  -6.3854000e-01   9.5888000e-01
   3.2368000e-01  -6.3874000e-01   9.5912000e-01
   3.2373000e-01  -6.3896000e-01   9.5937000e-01
   3.2379000e-01  -6.3920000e-01   9.5966000e-01
   3.2386000e-01  -6.3945000e-01   9.5997000e-01
   3.2394000e-01  -6.3972000e-01   9.6030000e-01
   3.2404000e-01  -6.4001000e-01   9.6066000e-01
   3.2414000e-01  -6.4032000e-01   9.6104000e-01
   3.2426000e-01  -6.4064000e-01   9.6144000e-01
   3.2439000e-01  -6.4098000e-01   9.6187000e-01
   3.2453000e-01  -6.4134000e-01   9.6231000e-01
   3.2468000e-01  -6.4172000e-01   9.6278000e-01
   3.2484000e-01  -6.4211000e-01   9.6326000e-01
   3.2501000e-01  -6.4252000e-01   9.6377000e-01
   3.2519000e-01  -6.4294000e-01   9.6429000e-01
