  -8.1616000e-01  -5.0600000e-02   6.0056000e-01
  -8.1356000e-01  -5.1670000e-02   6.0097000e-01
  -8.1096000e-01  -5.2750000e-02   6.0137000e-01
  -8.0836000e-01  -5.3840000e-02   6.0177000e-01
  -8.0575000e-01  -5.4940000e-02   6.0215000e-01
  -8.0315000e-01  -5.6040000e-02   6.0254000e-01
  -8.0055000e-01  -5.7160000e-02   6.0291000e-01
  -7.9795000e-01  -5.8280000e-02   6.0328000e-01
  -7.9536000e-01  -5.9420000e-02   6.0364000e-01
  -7.9277000e-01  -6.0560000e-02   6.0400000e-01
  -7.9018000e-01  -6.1700000e-02   6.0435000e-01
  -7.8759000e-01  -6.2860000e-02   6.0469000e-01
  -7.8501000e-01  -6.4020000e-02   6.0503000e-01
  -7.8243000e-01  -6.5190000e-02   6.0537000e-01
  -7.7985000e-01  -6.6360000e-02   6.0569000e-01
  -7.7728000e-01  -6.7540000e-02   6.0601000e-01
  -7.7471000e-01  -6.8730000e-02   6.0632000e-01
  -7.7214000e-01  -6.9920000e-02   6.0663000e-01
  -7.6957000e-01  -7.1120000e-02   6.0693000e-01
  -7.6701000e-01  -7.2330000e-02   6.0722000e-01
  -7.6444000e-01  -7.3540000e-02   6.0750000e-01
  -7.6188000e-01  -7.4760000e-02   6.0778000e-01
  -7.5931000e-01  -7.5980000e-02   6.0805000e-01
  -7.5676000e-01  -7.7210000e-02   6.0832000e-01
  -7.5420000e-01  -7.8450000e-02   6.0859000e-01
  -7.5165000e-01  -7.9690000e-02   6.0885000e-01
  -7.4910000e-01  -8.0930000e-02   6.0910000e-01
  -7.4655000e-01  -8.2170000e-02   6.0936000e-01
  -7.4401000e-01  -8.3420000e-02   6.0961000e-01
  -7.4147000e-01  -8.4660000e-02   6.0986000e-01
  -7.3894000e-01  -8.5920000e-02   6.1010000e-01
  -7.3641000e-01  -8.7170000e-02   6.1035000e-01
  -7.3389000e-01  -8.8430000e-02   6.1059000e-01
  -7.3136000e-01  -8.9690000e-02   6.1082000e-01
  -7.2885000e-01  -9.0960000e-02   6.1105000e-01
  -7.2633000e-01  -9.2240000e-02   6.1128000e-01
  -7.2382000e-01  -9.3520000e-02   6.1150000e-01
  -7.2132000e-01  -9.4810000e-02   6.1171000e-01
  -7.1881000e-01  -9.6100000e-02   6.1191000e-01
  -7.1632000e-01  -9.7410000e-02   6.1211000e-01
  -7.1382000e-01  -9.8710000e-02   6.1229000e-01
  -7.1133000e-01  -1.0003000e-01   6.1247000e-01
  -7.0884000e-01  -1.0135000e-01   6.1264000e-01
  -7.0636000e-01  -1.0268000e-01   6.1280000e-01
  -7.0388000e-01  -1.0402000e-01   6.1296000e-01
  -7.0141000e-01  -1.0536000e-01   6.1310000e-01
  -6.9894000e-01  -1.0671000e-01   6.1324000e-01
  -6.9647000e-01  -1.0807000e-01   6.1337000e-01
  -6.9401000e-01  -1.0944000e-01   6.1348000e-01
  -6.9155000e-01  -1.1081000e-01   6.1359000e-01
  -6.8910000e-01  -1.1220000e-01   6.1368000e-01
  -6.8665000e-01  -1.1359000e-01   6.1376000e-01
  -6.8421000e-01  -1.1500000e-01   6.1382000e-01
  -6.8177000e-01  -1.1641000e-01   6.1387000e-01
  -6.7933000e-01  -1.1784000e-01   6.1390000e-01
  -6.7689000e-01  -1.1929000e-01   6.1392000e-01
  -6.7446000e-01  -1.2074000e-01   6.1391000e-01
  -6.7203000e-01  -1.2222000e-01   6.1388000e-01
  -6.6960000e-01  -1.2371000e-01   6.1383000e-01
  -6.6718000e-01  -1.2522000e-01   6.1375000e-01
  -6.6475000e-01  -1.2675000e-01   6.1365000e-01
  -6.6232000e-01  -1.2830000e-01   6.1352000e-01
  -6.5989000e-01  -1.2988000e-01   6.1337000e-01
  -6.5746000e-01  -1.3148000e-01   6.1318000e-01
  -6.5502000e-01  -1.3311000e-01   6.1297000e-01
  -6.5259000e-01  -1.3477000e-01   6.1272000e-01
  -6.5015000e-01  -1.3645000e-01   6.1244000e-01
  -6.4770000e-01  -1.3815000e-01   6.1214000e-01
  -6.4525000e-01  -1.3988000e-01   6.1180000e-01
  -6.4280000e-01  -1.4162000e-01   6.1145000e-01
  -6.4035000e-01  -1.4338000e-01   6.1108000e-01
  -6.3790000e-01  -1.4515000e-01   6.1070000e-01
  -6.3546000e-01  -1.4692000e-01   6.1033000e-01
  -6.3302000e-01  -1.4868000e-01   6.0996000e-01
  -6.3060000e-01  -1.5043000e-01   6.0961000e-01
  -6.2820000e-01  -1.5215000e-01   6.0929000e-01
  -6.2581000e-01  -1.5384000e-01   6.0900000e-01
  -6.2344000e-01  -1.5549000e-01   6.0876000e-01
  -6.2110000e-01  -1.5709000e-01   6.0858000e-01
  -6.1879000e-01  -1.5864000e-01   6.0845000e-01
  -6.1651000e-01  -1.6013000e-01   6.0837000e-01
  -6.1425000e-01  -1.6157000e-01   6.0836000e-01
  -6.1203000e-01  -1.6295000e-01   6.0840000e-01
  -6.0983000e-01  -1.6428000e-01   6.0850000e-01
  -6.0766000e-01  -1.6556000e-01   6.0865000e-01
  -6.0551000e-01  -1.6680000e-01   6.0884000e-01
  -6.0339000e-01  -1.6800000e-01   6.0906000e-01
  -6.0129000e-01  -1.6917000e-01   6.0931000e-01
  -5.9921000e-01  -1.7032000e-01   6.0958000e-01
  -5.9715000e-01  -1.7146000e-01   6.0985000e-01
  -5.9510000e-01  -1.7260000e-01   6.1012000e-01
  -5.9306000e-01  -1.7374000e-01   6.1038000e-01
  -5.9103000e-01  -1.7490000e-01   6.1061000e-01
  -5.8900000e-01  -1.7607000e-01   6.1082000e-01
  -5.8699000e-01  -1.7726000e-01   6.1100000e-01
  -5.8498000e-01  -1.7847000e-01   6.1114000e-01
  -5.8297000e-01  -1.7971000e-01   6.1124000e-01
  -5.8096000e-01  -1.8098000e-01   6.1131000e-01
  -5.7897000e-01  -1.8227000e-01   6.1133000e-01
  -5.7698000e-01  -1.8358000e-01   6.1133000e-01
  -5.7499000e-01  -1.8491000e-01   6.1129000e-01
  -5.7303000e-01  -1.8626000e-01   6.1123000e-01
  -5.7107000e-01  -1.8761000e-01   6.1114000e-01
  -5.6914000e-01  -1.8897000e-01   6.1105000e-01
  -5.6723000e-01  -1.9032000e-01   6.1095000e-01
  -5.6534000e-01  -1.9166000e-01   6.1085000e-01
  -5.6347000e-01  -1.9298000e-01   6.1076000e-01
  -5.6164000e-01  -1.9428000e-01   6.1069000e-01
  -5.5983000e-01  -1.9555000e-01   6.1063000e-01
  -5.5806000e-01  -1.9679000e-01   6.1060000e-01
  -5.5631000e-01  -1.9799000e-01   6.1060000e-01
  -5.5459000e-01  -1.9915000e-01   6.1062000e-01
  -5.5291000e-01  -2.0028000e-01   6.1067000e-01
  -5.5124000e-01  -2.0137000e-01   6.1075000e-01
  -5.4961000e-01  -2.0243000e-01   6.1084000e-01
  -5.4799000e-01  -2.0347000e-01   6.1096000e-01
  -5.4639000e-01  -2.0449000e-01   6.1108000e-01
  -5.4480000e-01  -2.0549000e-01   6.1121000e-01
  -5.4323000e-01  -2.0649000e-01   6.1133000e-01
  -5.4166000e-01  -2.0749000e-01   6.1144000e-01
  -5.4010000e-01  -2.0850000e-01   6.1152000e-01
  -5.3854000e-01  -2.0953000e-01   6.1159000e-01
  -5.3697000e-01  -2.1057000e-01   6.1162000e-01
  -5.3540000e-01  -2.1164000e-01   6.1162000e-01
  -5.3383000e-01  -2.1274000e-01   6.1157000e-01
  -5.3226000e-01  -2.1386000e-01   6.1149000e-01
  -5.3068000e-01  -2.1501000e-01   6.1137000e-01
  -5.2910000e-01  -2.1620000e-01   6.1121000e-01
  -5.2751000e-01  -2.1740000e-01   6.1101000e-01
  -5.2593000e-01  -2.1864000e-01   6.1078000e-01
  -5.2434000e-01  -2.1989000e-01   6.1052000e-01
  -5.2276000e-01  -2.2116000e-01   6.1023000e-01
  -5.2119000e-01  -2.2244000e-01   6.0992000e-01
  -5.1962000e-01  -2.2373000e-01   6.0960000e-01
  -5.1806000e-01  -2.2503000e-01   6.0926000e-01
  -5.1651000e-01  -2.2632000e-01   6.0892000e-01
  -5.1498000e-01  -2.2761000e-01   6.0857000e-01
  -5.1345000e-01  -2.2889000e-01   6.0823000e-01
  -5.1195000e-01  -2.3016000e-01   6.0789000e-01
  -5.1046000e-01  -2.3141000e-01   6.0756000e-01
  -5.0899000e-01  -2.3265000e-01   6.0724000e-01
  -5.0754000e-01  -2.3388000e-01   6.0693000e-01
  -5.0610000e-01  -2.3509000e-01   6.0662000e-01
  -5.0469000e-01  -2.3628000e-01   6.0633000e-01
  -5.0328000e-01  -2.3745000e-01   6.0605000e-01
  -5.0190000e-01  -2.3862000e-01   6.0578000e-01
  -5.0053000e-01  -2.3976000e-01   6.0551000e-01
  -4.9917000e-01  -2.4089000e-01   6.0525000e-01
  -4.9783000e-01  -2.4201000e-01   6.0500000e-01
  -4.9650000e-01  -2.4311000e-01   6.0475000e-01
  -4.9517000e-01  -2.4421000e-01   6.0451000e-01
  -4.9386000e-01  -2.4529000e-01   6.0427000e-01
  -4.9256000e-01  -2.4635000e-01   6.0403000e-01
  -4.9126000e-01  -2.4741000e-01   6.0380000e-01
  -4.8998000e-01  -2.4846000e-01   6.0356000e-01
  -4.8870000e-01  -2.4950000e-01   6.0333000e-01
  -4.8743000e-01  -2.5053000e-01   6.0310000e-01
  -4.8616000e-01  -2.5155000e-01   6.0287000e-01
  -4.8491000e-01  -2.5256000e-01   6.0264000e-01
  -4.8367000e-01  -2.5357000e-01   6.0242000e-01
  -4.8243000e-01  -2.5456000e-01   6.0219000e-01
  -4.8120000e-01  -2.5555000e-01   6.0196000e-01
  -4.7999000e-01  -2.5652000e-01   6.0174000e-01
  -4.7878000e-01  -2.5749000e-01   6.0151000e-01
  -4.7757000e-01  -2.5845000e-01   6.0129000e-01
  -4.7637000e-01  -2.5940000e-01   6.0106000e-01
  -4.7518000e-01  -2.6034000e-01   6.0084000e-01
  -4.7400000e-01  -2.6127000e-01   6.0061000e-01
  -4.7281000e-01  -2.6220000e-01   6.0039000e-01
  -4.7164000e-01  -2.6312000e-01   6.0016000e-01
  -4.7046000e-01  -2.6404000e-01   5.9993000e-01
  -4.6929000e-01  -2.6495000e-01   5.9969000e-01
  -4.6811000e-01  -2.6585000e-01   5.9946000e-01
  -4.6695000e-01  -2.6676000e-01   5.9922000e-01
  -4.6578000e-01  -2.6765000e-01   5.9897000e-01
  -4.6461000e-01  -2.6854000e-01   5.9873000e-01
  -4.6345000e-01  -2.6943000e-01   5.9847000e-01
  -4.6229000e-01  -2.7032000e-01   5.9822000e-01
  -4.6113000e-01  -2.7120000e-01   5.9795000e-01
  -4.5998000e-01  -2.7208000e-01   5.9769000e-01
  -4.5883000e-01  -2.7296000e-01   5.9741000e-01
  -4.5769000e-01  -2.7384000e-01   5.9713000e-01
  -4.5655000e-01  -2.7472000e-01   5.9684000e-01
  -4.5542000e-01  -2.7560000e-01   5.9655000e-01
  -4.5430000e-01  -2.7648000e-01   5.9624000e-01
  -4.5319000e-01  -2.7737000e-01   5.9592000e-01
  -4.5208000e-01  -2.7825000e-01   5.9559000e-01
  -4.5099000e-01  -2.7914000e-01   5.9525000e-01
  -4.4990000e-01  -2.8003000e-01   5.9490000e-01
  -4.4881000e-01  -2.8093000e-01   5.9453000e-01
  -4.4774000e-01  -2.8182000e-01   5.9414000e-01
  -4.4666000e-01  -2.8273000e-01   5.9375000e-01
  -4.4560000e-01  -2.8363000e-01   5.9333000e-01
  -4.4454000e-01  -2.8454000e-01   5.9291000e-01
  -4.4349000e-01  -2.8544000e-01   5.9247000e-01
  -4.4244000e-01  -2.8635000e-01   5.9202000e-01
  -4.4141000e-01  -2.8726000e-01   5.9157000e-01
  -4.4038000e-01  -2.8816000e-01   5.9110000e-01
  -4.3937000e-01  -2.8906000e-01   5.9064000e-01
  -4.3837000e-01  -2.8995000e-01   5.9017000e-01
  -4.3738000e-01  -2.9083000e-01   5.8969000e-01
  -4.3640000e-01  -2.9171000e-01   5.8922000e-01
  -4.3544000e-01  -2.9258000e-01   5.8875000e-01
  -4.3449000e-01  -2.9344000e-01   5.8827000e-01
  -4.3354000e-01  -2.9429000e-01   5.8779000e-01
  -4.3261000e-01  -2.9514000e-01   5.8731000e-01
  -4.3168000e-01  -2.9600000e-01   5.8682000e-01
  -4.3076000e-01  -2.9685000e-01   5.8631000e-01
  -4.2984000e-01  -2.9771000e-01   5.8580000e-01
  -4.2893000e-01  -2.9858000e-01   5.8527000e-01
  -4.2801000e-01  -2.9946000e-01   5.8472000e-01
  -4.2709000e-01  -3.0034000e-01   5.8416000e-01
  -4.2618000e-01  -3.0124000e-01   5.8358000e-01
  -4.2526000e-01  -3.0214000e-01   5.8299000e-01
  -4.2434000e-01  -3.0304000e-01   5.8240000e-01
  -4.2342000e-01  -3.0393000e-01   5.8180000e-01
  -4.2250000e-01  -3.0481000e-01   5.8122000e-01
  -4.2159000e-01  -3.0567000e-01   5.8065000e-01
  -4.2068000e-01  -3.0649000e-01   5.8011000e-01
  -4.1978000e-01  -3.0727000e-01   5.7961000e-01
  -4.1889000e-01  -3.0799000e-01   5.7917000e-01
  -4.1802000e-01  -3.0865000e-01   5.7879000e-01
  -4.1716000e-01  -3.0923000e-01   5.7848000e-01
  -4.1632000e-01  -3.0974000e-01   5.7825000e-01
  -4.1549000e-01  -3.1016000e-01   5.7810000e-01
  -4.1468000e-01  -3.1050000e-01   5.7803000e-01
  -4.1389000e-01  -3.1076000e-01   5.7804000e-01
  -4.1311000e-01  -3.1094000e-01   5.7813000e-01
  -4.1235000e-01  -3.1104000e-01   5.7828000e-01
  -4.1159000e-01  -3.1109000e-01   5.7850000e-01
  -4.1084000e-01  -3.1108000e-01   5.7878000e-01
  -4.1009000e-01  -3.1103000e-01   5.7909000e-01
  -4.0934000e-01  -3.1094000e-01   5.7943000e-01
  -4.0858000e-01  -3.1084000e-01   5.7979000e-01
  -4.0782000e-01  -3.1073000e-01   5.8016000e-01
  -4.0705000e-01  -3.1062000e-01   5.8052000e-01
  -4.0626000e-01  -3.1052000e-01   5.8087000e-01
  -4.0547000e-01  -3.1045000e-01   5.8120000e-01
  -4.0465000e-01  -3.1041000e-01   5.8149000e-01
  -4.0382000e-01  -3.1042000e-01   5.8174000e-01
  -4.0297000e-01  -3.1047000e-01   5.8194000e-01
  -4.0211000e-01  -3.1057000e-01   5.8210000e-01
  -4.0122000e-01  -3.1073000e-01   5.8219000e-01
  -4.0032000e-01  -3.1095000e-01   5.8223000e-01
  -3.9940000e-01  -3.1123000e-01   5.8220000e-01
  -3.9847000e-01  -3.1157000e-01   5.8212000e-01
  -3.9752000e-01  -3.1196000e-01   5.8198000e-01
  -3.9657000e-01  -3.1241000e-01   5.8178000e-01
  -3.9560000e-01  -3.1290000e-01   5.8154000e-01
  -3.9463000e-01  -3.1344000e-01   5.8125000e-01
  -3.9366000e-01  -3.1402000e-01   5.8092000e-01
  -3.9269000e-01  -3.1463000e-01   5.8056000e-01
  -3.9172000e-01  -3.1526000e-01   5.8017000e-01
  -3.9076000e-01  -3.1592000e-01   5.7977000e-01
  -3.8982000e-01  -3.1659000e-01   5.7935000e-01
  -3.8888000e-01  -3.1726000e-01   5.7893000e-01
  -3.8796000e-01  -3.1795000e-01   5.7850000e-01
  -3.8705000e-01  -3.1863000e-01   5.7807000e-01
  -3.8615000e-01  -3.1932000e-01   5.7765000e-01
  -3.8527000e-01  -3.2000000e-01   5.7723000e-01
  -3.8440000e-01  -3.2068000e-01   5.7682000e-01
  -3.8354000e-01  -3.2135000e-01   5.7642000e-01
  -3.8269000e-01  -3.2203000e-01   5.7602000e-01
  -3.8185000e-01  -3.2270000e-01   5.7564000e-01
  -3.8102000e-01  -3.2338000e-01   5.7526000e-01
  -3.8019000e-01  -3.2405000e-01   5.7489000e-01
  -3.7937000e-01  -3.2473000e-01   5.7452000e-01
  -3.7855000e-01  -3.2541000e-01   5.7416000e-01
  -3.7772000e-01  -3.2610000e-01   5.7379000e-01
  -3.7690000e-01  -3.2679000e-01   5.7343000e-01
  -3.7607000e-01  -3.2750000e-01   5.7307000e-01
  -3.7523000e-01  -3.2823000e-01   5.7271000e-01
  -3.7438000e-01  -3.2897000e-01   5.7233000e-01
  -3.7352000e-01  -3.2973000e-01   5.7195000e-01
  -3.7265000e-01  -3.3052000e-01   5.7156000e-01
  -3.7177000e-01  -3.3133000e-01   5.7116000e-01
  -3.7087000e-01  -3.3218000e-01   5.7074000e-01
  -3.6996000e-01  -3.3305000e-01   5.7031000e-01
  -3.6903000e-01  -3.3395000e-01   5.6986000e-01
  -3.6809000e-01  -3.3487000e-01   5.6940000e-01
  -3.6714000e-01  -3.3583000e-01   5.6893000e-01
  -3.6617000e-01  -3.3681000e-01   5.6844000e-01
  -3.6519000e-01  -3.3781000e-01   5.6794000e-01
  -3.6420000e-01  -3.3883000e-01   5.6743000e-01
  -3.6321000e-01  -3.3987000e-01   5.6692000e-01
  -3.6221000e-01  -3.4092000e-01   5.6640000e-01
  -3.6120000e-01  -3.4198000e-01   5.6589000e-01
  -3.6020000e-01  -3.4304000e-01   5.6537000e-01
  -3.5920000e-01  -3.4411000e-01   5.6486000e-01
  -3.5821000e-01  -3.4517000e-01   5.6436000e-01
  -3.5722000e-01  -3.4624000e-01   5.6387000e-01
  -3.5625000e-01  -3.4730000e-01   5.6338000e-01
  -3.5528000e-01  -3.4835000e-01   5.6291000e-01
  -3.5433000e-01  -3.4939000e-01   5.6245000e-01
  -3.5340000e-01  -3.5042000e-01   5.6200000e-01
  -3.5248000e-01  -3.5144000e-01   5.6156000e-01
  -3.5157000e-01  -3.5245000e-01   5.6114000e-01
  -3.5068000e-01  -3.5345000e-01   5.6073000e-01
  -3.4981000e-01  -3.5444000e-01   5.6033000e-01
  -3.4895000e-01  -3.5541000e-01   5.5994000e-01
  -3.4811000e-01  -3.5637000e-01   5.5957000e-01
  -3.4728000e-01  -3.5733000e-01   5.5920000e-01
  -3.4646000e-01  -3.5828000e-01   5.5885000e-01
  -3.4566000e-01  -3.5922000e-01   5.5850000e-01
  -3.4487000e-01  -3.6016000e-01   5.5815000e-01
  -3.4408000e-01  -3.6111000e-01   5.5781000e-01
  -3.4330000e-01  -3.6206000e-01   5.5747000e-01
  -3.4253000e-01  -3.6301000e-01   5.5713000e-01
  -3.4176000e-01  -3.6397000e-01   5.5679000e-01
  -3.4100000e-01  -3.6494000e-01   5.5645000e-01
  -3.4024000e-01  -3.6592000e-01   5.5610000e-01
  -3.3948000e-01  -3.6691000e-01   5.5574000e-01
  -3.3873000e-01  -3.6791000e-01   5.5538000e-01
  -3.3798000e-01  -3.6893000e-01   5.5502000e-01
  -3.3724000e-01  -3.6994000e-01   5.5465000e-01
  -3.3650000e-01  -3.7097000e-01   5.5428000e-01
  -3.3577000e-01  -3.7200000e-01   5.5391000e-01
  -3.3504000e-01  -3.7303000e-01   5.5354000e-01
  -3.3432000e-01  -3.7406000e-01   5.5318000e-01
  -3.3361000e-01  -3.7509000e-01   5.5282000e-01
  -3.3291000e-01  -3.7612000e-01   5.5246000e-01
  -3.3221000e-01  -3.7713000e-01   5.5212000e-01
  -3.3154000e-01  -3.7813000e-01   5.5179000e-01
  -3.3087000e-01  -3.7911000e-01   5.5148000e-01
  -3.3022000e-01  -3.8007000e-01   5.5118000e-01
  -3.2958000e-01  -3.8102000e-01   5.5090000e-01
  -3.2897000e-01  -3.8193000e-01   5.5065000e-01
  -3.2836000e-01  -3.8282000e-01   5.5043000e-01
  -3.2778000e-01  -3.8368000e-01   5.5023000e-01
  -3.2721000e-01  -3.8450000e-01   5.5007000e-01
  -3.2666000e-01  -3.8529000e-01   5.4993000e-01
  -3.2612000e-01  -3.8604000e-01   5.4984000e-01
  -3.2559000e-01  -3.8676000e-01   5.4978000e-01
  -3.2506000e-01  -3.8744000e-01   5.4976000e-01
  -3.2455000e-01  -3.8809000e-01   5.4977000e-01
  -3.2404000e-01  -3.8870000e-01   5.4981000e-01
  -3.2353000e-01  -3.8929000e-01   5.4989000e-01
  -3.2302000e-01  -3.8985000e-01   5.5000000e-01
  -3.2250000e-01  -3.9038000e-01   5.5013000e-01
  -3.2198000e-01  -3.9089000e-01   5.5028000e-01
  -3.2146000e-01  -3.9138000e-01   5.5046000e-01
  -3.2093000e-01  -3.9187000e-01   5.5065000e-01
  -3.2039000e-01  -3.9234000e-01   5.5086000e-01
  -3.1985000e-01  -3.9281000e-01   5.5107000e-01
  -3.1930000e-01  -3.9327000e-01   5.5130000e-01
  -3.1874000e-01  -3.9374000e-01   5.5153000e-01
  -3.1817000e-01  -3.9422000e-01   5.5175000e-01
  -3.1759000e-01  -3.9471000e-01   5.5198000e-01
  -3.1700000e-01  -3.9521000e-01   5.5219000e-01
  -3.1640000e-01  -3.9572000e-01   5.5240000e-01
  -3.1579000e-01  -3.9626000e-01   5.5259000e-01
  -3.1517000e-01  -3.9682000e-01   5.5276000e-01
  -3.1455000e-01  -3.9740000e-01   5.5292000e-01
  -3.1391000e-01  -3.9801000e-01   5.5305000e-01
  -3.1327000e-01  -3.9865000e-01   5.5316000e-01
  -3.1263000e-01  -3.9932000e-01   5.5325000e-01
  -3.1198000e-01  -4.0001000e-01   5.5331000e-01
  -3.1133000e-01  -4.0072000e-01   5.5335000e-01
  -3.1068000e-01  -4.0145000e-01   5.5338000e-01
  -3.1004000e-01  -4.0221000e-01   5.5338000e-01
  -3.0940000e-01  -4.0297000e-01   5.5338000e-01
  -3.0876000e-01  -4.0374000e-01   5.5336000e-01
  -3.0813000e-01  -4.0452000e-01   5.5333000e-01
  -3.0751000e-01  -4.0529000e-01   5.5329000e-01
  -3.0691000e-01  -4.0606000e-01   5.5326000e-01
  -3.0631000e-01  -4.0683000e-01   5.5322000e-01
  -3.0572000e-01  -4.0758000e-01   5.5319000e-01
  -3.0515000e-01  -4.0833000e-01   5.5316000e-01
  -3.0459000e-01  -4.0906000e-01   5.5313000e-01
  -3.0404000e-01  -4.0978000e-01   5.5311000e-01
  -3.0350000e-01  -4.1049000e-01   5.5308000e-01
  -3.0297000e-01  -4.1120000e-01   5.5306000e-01
  -3.0245000e-01  -4.1190000e-01   5.5304000e-01
  -3.0194000e-01  -4.1260000e-01   5.5301000e-01
  -3.0143000e-01  -4.1329000e-01   5.5298000e-01
  -3.0093000e-01  -4.1399000e-01   5.5294000e-01
  -3.0042000e-01  -4.1469000e-01   5.5289000e-01
  -2.9992000e-01  -4.1540000e-01   5.5283000e-01
  -2.9941000e-01  -4.1611000e-01   5.5275000e-01
  -2.9890000e-01  -4.1683000e-01   5.5267000e-01
  -2.9838000e-01  -4.1756000e-01   5.5258000e-01
  -2.9786000e-01  -4.1829000e-01   5.5247000e-01
  -2.9734000e-01  -4.1903000e-01   5.5236000e-01
  -2.9681000e-01  -4.1977000e-01   5.5225000e-01
  -2.9629000e-01  -4.2051000e-01   5.5213000e-01
  -2.9577000e-01  -4.2125000e-01   5.5201000e-01
  -2.9524000e-01  -4.2198000e-01   5.5189000e-01
  -2.9472000e-01  -4.2271000e-01   5.5177000e-01
  -2.9421000e-01  -4.2342000e-01   5.5166000e-01
  -2.9370000e-01  -4.2412000e-01   5.5156000e-01
  -2.9320000e-01  -4.2481000e-01   5.5146000e-01
  -2.9270000e-01  -4.2547000e-01   5.5137000e-01
  -2.9221000e-01  -4.2612000e-01   5.5130000e-01
  -2.9173000e-01  -4.2675000e-01   5.5123000e-01
  -2.9126000e-01  -4.2736000e-01   5.5118000e-01
  -2.9080000e-01  -4.2796000e-01   5.5113000e-01
  -2.9035000e-01  -4.2854000e-01   5.5109000e-01
  -2.8990000e-01  -4.2911000e-01   5.5106000e-01
  -2.8946000e-01  -4.2966000e-01   5.5103000e-01
  -2.8903000e-01  -4.3021000e-01   5.5100000e-01
  -2.8861000e-01  -4.3075000e-01   5.5097000e-01
  -2.8819000e-01  -4.3129000e-01   5.5094000e-01
  -2.8778000e-01  -4.3183000e-01   5.5090000e-01
  -2.8737000e-01  -4.3237000e-01   5.5085000e-01
  -2.8697000e-01  -4.3291000e-01   5.5080000e-01
  -2.8658000e-01  -4.3346000e-01   5.5074000e-01
  -2.8620000e-01  -4.3400000e-01   5.5067000e-01
  -2.8582000e-01  -4.3454000e-01   5.5059000e-01
  -2.8546000e-01  -4.3508000e-01   5.5051000e-01
  -2.8511000e-01  -4.3561000e-01   5.5042000e-01
  -2.8477000e-01  -4.3614000e-01   5.5034000e-01
  -2.8444000e-01  -4.3665000e-01   5.5025000e-01
  -2.8414000e-01  -4.3714000e-01   5.5017000e-01
  -2.8385000e-01  -4.3763000e-01   5.5010000e-01
  -2.8358000e-01  -4.3809000e-01   5.5004000e-01
  -2.8334000e-01  -4.3853000e-01   5.4999000e-01
  -2.8311000e-01  -4.3895000e-01   5.4995000e-01
  -2.8290000e-01  -4.3935000e-01   5.4992000e-01
  -2.8270000e-01  -4.3974000e-01   5.4989000e-01
  -2.8252000e-01  -4.4010000e-01   5.4988000e-01
  -2.8236000e-01  -4.4045000e-01   5.4987000e-01
  -2.8221000e-01  -4.4078000e-01   5.4987000e-01
  -2.8207000e-01  -4.4110000e-01   5.4987000e-01
  -2.8194000e-01  -4.4140000e-01   5.4988000e-01
  -2.8183000e-01  -4.4169000e-01   5.4989000e-01
  -2.8172000e-01  -4.4196000e-01   5.4991000e-01
  -2.8163000e-01  -4.4222000e-01   5.4994000e-01
  -2.8155000e-01  -4.4246000e-01   5.4997000e-01
  -2.8147000e-01  -4.4267000e-01   5.5003000e-01
  -2.8141000e-01  -4.4287000e-01   5.5009000e-01
  -2.8135000e-01  -4.4303000e-01   5.5017000e-01
  -2.8130000e-01  -4.4316000e-01   5.5027000e-01
  -2.8125000e-01  -4.4327000e-01   5.5039000e-01
  -2.8121000e-01  -4.4333000e-01   5.5053000e-01
  -2.8117000e-01  -4.4336000e-01   5.5068000e-01
  -2.8113000e-01  -4.4335000e-01   5.5086000e-01
  -2.8110000e-01  -4.4331000e-01   5.5106000e-01
  -2.8107000e-01  -4.4323000e-01   5.5127000e-01
  -2.8105000e-01  -4.4312000e-01   5.5151000e-01
  -2.8103000e-01  -4.4297000e-01   5.5176000e-01
  -2.8102000e-01  -4.4280000e-01   5.5203000e-01
  -2.8102000e-01  -4.4260000e-01   5.5230000e-01
  -2.8102000e-01  -4.4239000e-01   5.5259000e-01
  -2.8102000e-01  -4.4216000e-01   5.5287000e-01
  -2.8102000e-01  -4.4192000e-01   5.5315000e-01
  -2.8103000e-01  -4.4168000e-01   5.5343000e-01
  -2.8103000e-01  -4.4144000e-01   5.5368000e-01
  -2.8103000e-01  -4.4121000e-01   5.5393000e-01
  -2.8104000e-01  -4.4100000e-01   5.5415000e-01
  -2.8103000e-01  -4.4080000e-01   5.5434000e-01
  -2.8103000e-01  -4.4063000e-01   5.5451000e-01
  -2.8102000e-01  -4.4048000e-01   5.5466000e-01
  -2.8101000e-01  -4.4036000e-01   5.5477000e-01
  -2.8100000e-01  -4.4026000e-01   5.5486000e-01
  -2.8099000e-01  -4.4019000e-01   5.5492000e-01
  -2.8098000e-01  -4.4013000e-01   5.5495000e-01
  -2.8097000e-01  -4.4010000e-01   5.5497000e-01
  -2.8097000e-01  -4.4008000e-01   5.5497000e-01
  -2.8097000e-01  -4.4007000e-01   5.5495000e-01
  -2.8098000e-01  -4.4006000e-01   5.5493000e-01
  -2.8099000e-01  -4.4005000e-01   5.5491000e-01
  -2.8102000e-01  -4.4002000e-01   5.5489000e-01
  -2.8107000e-01  -4.3999000e-01   5.5487000e-01
  -2.8113000e-01  -4.3994000e-01   5.5486000e-01
  -2.8120000e-01  -4.3987000e-01   5.5487000e-01
  -2.8129000e-01  -4.3977000e-01   5.5489000e-01
  -2.8139000e-01  -4.3966000e-01   5.5492000e-01
  -2.8151000e-01  -4.3952000e-01   5.5496000e-01
  -2.8164000e-01  -4.3936000e-01   5.5501000e-01
  -2.8178000e-01  -4.3918000e-01   5.5507000e-01
  -2.8192000e-01  -4.3899000e-01   5.5514000e-01
  -2.8207000e-01  -4.3879000e-01   5.5520000e-01
  -2.8223000e-01  -4.3858000e-01   5.5527000e-01
  -2.8239000e-01  -4.3836000e-01   5.5534000e-01
  -2.8255000e-01  -4.3815000e-01   5.5540000e-01
  -2.8271000e-01  -4.3794000e-01   5.5545000e-01
  -2.8286000e-01  -4.3774000e-01   5.5549000e-01
  -2.8302000e-01  -4.3754000e-01   5.5551000e-01
  -2.8317000e-01  -4.3736000e-01   5.5553000e-01
  -2.8331000e-01  -4.3719000e-01   5.5552000e-01
  -2.8345000e-01  -4.3703000e-01   5.5551000e-01
  -2.8359000e-01  -4.3688000e-01   5.5548000e-01
  -2.8372000e-01  -4.3675000e-01   5.5544000e-01
  -2.8384000e-01  -4.3662000e-01   5.5538000e-01
  -2.8397000e-01  -4.3650000e-01   5.5532000e-01
  -2.8408000e-01  -4.3638000e-01   5.5525000e-01
  -2.8420000e-01  -4.3626000e-01   5.5518000e-01
  -2.8432000e-01  -4.3614000e-01   5.5510000e-01
  -2.8445000e-01  -4.3601000e-01   5.5503000e-01
  -2.8457000e-01  -4.3587000e-01   5.5496000e-01
  -2.8471000e-01  -4.3572000e-01   5.5489000e-01
  -2.8486000e-01  -4.3555000e-01   5.5483000e-01
  -2.8501000e-01  -4.3537000e-01   5.5478000e-01
  -2.8518000e-01  -4.3517000e-01   5.5474000e-01
  -2.8536000e-01  -4.3495000e-01   5.5470000e-01
  -2.8555000e-01  -4.3472000e-01   5.5468000e-01
  -2.8576000e-01  -4.3447000e-01   5.5466000e-01
  -2.8597000e-01  -4.3421000e-01   5.5464000e-01
  -2.8619000e-01  -4.3394000e-01   5.5463000e-01
  -2.8643000e-01  -4.3366000e-01   5.5461000e-01
  -2.8666000e-01  -4.3338000e-01   5.5460000e-01
  -2.8690000e-01  -4.3310000e-01   5.5458000e-01
  -2.8715000e-01  -4.3283000e-01   5.5455000e-01
  -2.8739000e-01  -4.3256000e-01   5.5451000e-01
  -2.8764000e-01  -4.3230000e-01   5.5446000e-01
  -2.8788000e-01  -4.3205000e-01   5.5440000e-01
  -2.8813000e-01  -4.3182000e-01   5.5432000e-01
  -2.8838000e-01  -4.3159000e-01   5.5423000e-01
  -2.8862000e-01  -4.3139000e-01   5.5413000e-01
  -2.8886000e-01  -4.3119000e-01   5.5402000e-01
  -2.8911000e-01  -4.3100000e-01   5.5390000e-01
  -2.8935000e-01  -4.3082000e-01   5.5378000e-01
  -2.8959000e-01  -4.3065000e-01   5.5364000e-01
  -2.8983000e-01  -4.3048000e-01   5.5351000e-01
  -2.9008000e-01  -4.3030000e-01   5.5338000e-01
  -2.9033000e-01  -4.3012000e-01   5.5324000e-01
  -2.9057000e-01  -4.2993000e-01   5.5312000e-01
  -2.9082000e-01  -4.2974000e-01   5.5300000e-01
  -2.9107000e-01  -4.2953000e-01   5.5288000e-01
  -2.9132000e-01  -4.2931000e-01   5.5278000e-01
  -2.9157000e-01  -4.2907000e-01   5.5268000e-01
  -2.9183000e-01  -4.2883000e-01   5.5259000e-01
  -2.9209000e-01  -4.2857000e-01   5.5251000e-01
  -2.9235000e-01  -4.2830000e-01   5.5244000e-01
  -2.9261000e-01  -4.2803000e-01   5.5237000e-01
  -2.9288000e-01  -4.2775000e-01   5.5231000e-01
  -2.9315000e-01  -4.2746000e-01   5.5226000e-01
  -2.9342000e-01  -4.2717000e-01   5.5222000e-01
  -2.9369000e-01  -4.2688000e-01   5.5218000e-01
  -2.9397000e-01  -4.2659000e-01   5.5214000e-01
  -2.9424000e-01  -4.2630000e-01   5.5210000e-01
  -2.9451000e-01  -4.2601000e-01   5.5207000e-01
  -2.9477000e-01  -4.2572000e-01   5.5204000e-01
  -2.9503000e-01  -4.2544000e-01   5.5201000e-01
  -2.9528000e-01  -4.2517000e-01   5.5199000e-01
  -2.9552000e-01  -4.2490000e-01   5.5196000e-01
  -2.9575000e-01  -4.2464000e-01   5.5193000e-01
  -2.9597000e-01  -4.2439000e-01   5.5191000e-01
  -2.9617000e-01  -4.2415000e-01   5.5188000e-01
  -2.9637000e-01  -4.2393000e-01   5.5185000e-01
  -2.9655000e-01  -4.2371000e-01   5.5181000e-01
  -2.9672000e-01  -4.2351000e-01   5.5177000e-01
  -2.9688000e-01  -4.2332000e-01   5.5173000e-01
  -2.9703000e-01  -4.2315000e-01   5.5169000e-01
  -2.9716000e-01  -4.2299000e-01   5.5164000e-01
  -2.9729000e-01  -4.2285000e-01   5.5159000e-01
  -2.9741000e-01  -4.2271000e-01   5.5154000e-01
  -2.9752000e-01  -4.2259000e-01   5.5149000e-01
  -2.9763000e-01  -4.2247000e-01   5.5144000e-01
  -2.9773000e-01  -4.2236000e-01   5.5139000e-01
  -2.9782000e-01  -4.2226000e-01   5.5135000e-01
  -2.9790000e-01  -4.2215000e-01   5.5132000e-01
